1759276800000000,2.84680000,2.85200000,2.82760000,2.83830000,2561359.70000000,1759280399999999,7271742.24514000,31494,1167982.20000000,3315476.40350000,0
1759280400000000,2.83830000,2.85970000,2.83570000,2.85820000,3151146.60000000,1759283999999999,8968588.05270000,41780,1634086.00000000,4650709.18032000,0
1759284000000000,2.85810000,2.85860000,2.84000000,2.84190000,1910566.40000000,1759287599999999,5440090.10387000,33674,852358.90000000,2427388.87988000,0
1759287600000000,2.84190000,2.84260000,2.81410000,2.81900000,3276898.00000000,1759291199999999,9263199.48939000,41052,1574550.40000000,4450455.01998000,0
1759291200000000,2.81910000,2.84560000,2.81630000,2.83620000,4824250.90000000,1759294799999999,13679984.00507000,44142,2722808.60000000,7719770.92059000,0
1759294800000000,2.83630000,2.85410000,2.83470000,2.84570000,4029170.30000000,1759298399999999,11466446.14665000,36762,2296636.00000000,6535593.87260000,0
1759298400000000,2.84560000,2.84970000,2.83090000,2.83210000,3998320.40000000,1759301999999999,11355766.95362000,40827,2129088.00000000,6045935.90433000,0
1759302000000000,2.83200000,2.85740000,2.83100000,2.85400000,4578166.70000000,1759305599999999,13036653.53495000,43970,2849325.40000000,8112646.57482000,0
1759305600000000,2.85390000,2.92190000,2.85170000,2.91690000,15546293.40000000,1759309199999999,44980515.87573000,133983,9409663.80000000,27213487.28085000,0
1759309200000000,2.91690000,2.95200000,2.90740000,2.94120000,17264116.50000000,1759312799999999,50563857.50610000,102857,9107625.50000000,26686179.49507000,0
1759312800000000,2.94120000,2.94190000,2.91930000,2.92990000,9511328.90000000,1759316399999999,27865101.91691000,75843,3647390.60000000,10685256.68422000,0
1759316400000000,2.92980000,2.94580000,2.92950000,2.94390000,4600854.40000000,1759319999999999,13523187.65241000,47050,2279335.10000000,6699140.14973000,0
1759320000000000,2.94390000,2.94540000,2.92690000,2.93630000,7802519.20000000,1759323599999999,22908139.89742000,62416,3988771.90000000,11711149.83474000,0
1759323600000000,2.93630000,2.95500000,2.93360000,2.93840000,10468955.60000000,1759327199999999,30830336.99594000,93091,6251984.80000000,18412402.27228000,0
1759327200000000,2.93840000,2.95820000,2.93150000,2.94280000,7698001.80000000,1759330799999999,22667816.57436000,78115,3861833.10000000,11373577.49085000,0
1759330800000000,2.94290000,2.94650000,2.93320000,2.94190000,4537603.30000000,1759334399999999,13344657.76101000,54216,2128273.30000000,6258914.16770000,0
1759334400000000,2.94190000,2.94960000,2.93480000,2.93780000,5216019.20000000,1759337999999999,15343168.56007000,50416,2402964.50000000,7070242.29272000,0
1759338000000000,2.93790000,2.94460000,2.91950000,2.92020000,5604845.80000000,1759341599999999,16434245.61567000,44214,2124800.60000000,6231343.35718000,0
1759341600000000,2.92020000,2.94220000,2.92010000,2.93600000,3037515.80000000,1759345199999999,8908136.72337000,32921,1601730.20000000,4697399.93351000,0
1759345200000000,2.93600000,2.96160000,2.93510000,2.95490000,4483123.80000000,1759348799999999,13226482.34074000,42857,2327185.80000000,6864969.39485000,0
1759348800000000,2.95490000,2.95550000,2.93820000,2.94720000,2770573.60000000,1759352399999999,8165828.31405000,32093,1107218.60000000,3262269.59645000,0
1759352400000000,2.94720000,2.94760000,2.92610000,2.92860000,3371236.90000000,1759355999999999,9889239.13947000,30957,1788517.80000000,5245589.03528000,0
1759356000000000,2.92860000,2.93990000,2.92730000,2.93030000,3032417.70000000,1759359599999999,8891025.90078000,31830,1324058.60000000,3881691.04513000,0
1759359600000000,2.93030000,2.95120000,2.92810000,2.94850000,2987123.90000000,1759363199999999,8785152.85176000,35609,1795102.20000000,5280236.59533000,0
1759363200000000,2.94850000,2.96230000,2.94030000,2.94290000,5433092.40000000,1759366799999999,16036794.73282000,68490,2893126.70000000,8541275.20986000,0
1759366800000000,2.94300000,2.97560000,2.94180000,2.97010000,3992701.40000000,1759370399999999,11825309.05586000,52564,2598892.30000000,7695756.15516000,0
1759370400000000,2.97010000,2.98110000,2.96020000,2.97650000,4584229.00000000,1759373999999999,13622097.64834000,49109,2836257.70000000,8428354.22772000,0
1759374000000000,2.97640000,2.98770000,2.96650000,2.97230000,4769861.60000000,1759377599999999,14209231.75591000,40430,2832027.20000000,8437414.01543000,0
1759377600000000,2.97230000,2.97960000,2.95380000,2.96760000,4182249.90000000,1759381199999999,12403457.72235000,45983,2156455.20000000,6396658.78370000,0
1759381200000000,2.96750000,2.98070000,2.95790000,2.96480000,6178364.70000000,1759384799999999,18339008.70278000,39701,3311172.30000000,9829460.19374000,0
1759384800000000,2.96490000,2.98250000,2.96280000,2.97930000,5612675.70000000,1759388399999999,16687111.44780000,38035,3149252.20000000,9362028.14164000,0
1759388400000000,2.97940000,2.98560000,2.96480000,2.96920000,4327311.90000000,1759391999999999,12878686.04292000,31804,2372817.50000000,7063241.31602000,0
1759392000000000,2.96910000,2.99030000,2.96660000,2.98880000,5361252.20000000,1759395599999999,15978244.84370000,34918,3009295.40000000,8966210.06114000,0
1759395600000000,2.98870000,2.99200000,2.97570000,2.98330000,3461079.10000000,1759399199999999,10328884.06019000,36264,1509945.70000000,4506743.21576000,0
1759399200000000,2.98320000,2.99340000,2.97880000,2.98880000,2650923.40000000,1759402799999999,7915212.31222000,33249,1078143.50000000,3219788.59787000,0
1759402800000000,2.98880000,2.99620000,2.96880000,2.97150000,3888271.30000000,1759406399999999,11610381.95685000,43471,1616115.50000000,4827089.02941000,0
1759406400000000,2.97160000,2.98770000,2.96810000,2.98660000,3556882.20000000,1759409999999999,10601172.67011000,45516,1591152.80000000,4742539.34740000,0
1759410000000000,2.98650000,2.98920000,2.96300000,2.98570000,5959038.10000000,1759413599999999,17739013.81544000,90081,2683617.50000000,7988765.03928000,0
1759413600000000,2.98570000,2.99390000,2.94660000,2.95740000,6830615.20000000,1759417199999999,20279201.61700000,92567,2694591.70000000,8002161.42770000,0
1759417200000000,2.95740000,2.99270000,2.94610000,2.99170000,7848238.40000000,1759420799999999,23316875.97374000,87532,3955478.30000000,11760905.87124000,0
1759420800000000,2.99170000,3.05870000,2.98710000,3.04490000,21775625.70000000,1759424399999999,65936638.79399000,204410,11387252.50000000,34472091.73264000,0
1759424400000000,3.04500000,3.05590000,3.03110000,3.03520000,6237331.10000000,1759427999999999,18981914.62838000,101793,3335301.80000000,10150976.34505000,0
1759428000000000,3.03520000,3.06440000,3.03510000,3.06220000,7496969.90000000,1759431599999999,22862225.11503000,79535,4389887.00000000,13384529.24711000,0
1759431600000000,3.06210000,3.09980000,3.05860000,3.09020000,10695119.90000000,1759435199999999,32960688.08912000,112029,5644978.70000000,17385986.47522000,0
1759435200000000,3.09030000,3.09120000,3.05200000,3.05870000,8079182.30000000,1759438799999999,24773655.68344000,92146,3554431.00000000,10898920.88337000,0
1759438800000000,3.05870000,3.06600000,3.03670000,3.03960000,4909262.20000000,1759442399999999,14965388.10124000,56733,1856144.90000000,5659539.53610000,0
1759442400000000,3.03960000,3.04840000,3.02600000,3.03220000,4967382.40000000,1759445999999999,15084978.29429000,59572,2116211.30000000,6426680.91278000,0
1759446000000000,3.03230000,3.04160000,3.02640000,3.03890000,4276891.60000000,1759449599999999,12981370.90609000,49579,2267383.60000000,6883058.92810000,0
1759449600000000,3.03880000,3.03930000,3.01320000,3.01930000,6650196.40000000,1759453199999999,20111150.33603000,67141,3199225.90000000,9675695.01932000,0
1759453200000000,3.01920000,3.02570000,3.00500000,3.00630000,4717560.60000000,1759456799999999,14215473.14284000,57855,1699764.10000000,5120742.60006000,0
1759456800000000,3.00630000,3.02490000,3.00410000,3.02220000,3818396.70000000,1759460399999999,11512702.62265000,44180,2133594.30000000,6433532.15842000,0
1759460400000000,3.02210000,3.03880000,3.01860000,3.02020000,4582145.70000000,1759463999999999,13878895.04636000,47485,2696233.00000000,8166788.93789000,0
1759464000000000,3.02020000,3.03160000,3.01630000,3.02940000,2858995.50000000,1759467599999999,8644531.85637000,33227,1751283.40000000,5295004.66236000,0
1759467600000000,3.02930000,3.03100000,3.01360000,3.02060000,2878861.30000000,1759471199999999,8695351.34110000,27986,1650009.90000000,4983473.16327000,0
1759471200000000,3.02070000,3.03500000,3.01310000,3.02260000,4468375.80000000,1759474799999999,13509248.47644000,40421,2324198.80000000,7028006.04942000,0
1759474800000000,3.02270000,3.03420000,3.01840000,3.03390000,4996194.00000000,1759478399999999,15121812.85629000,46276,2921578.20000000,8843048.56545000,0
1759478400000000,3.03390000,3.05820000,3.02240000,3.05280000,5875389.20000000,1759481999999999,17880634.86167000,84638,2826540.50000000,8603796.21120000,0
1759482000000000,3.05280000,3.05440000,3.03490000,3.04060000,3266740.80000000,1759485599999999,9941257.68043000,43595,1484313.10000000,4516773.75566000,0
1759485600000000,3.04060000,3.04970000,3.03890000,3.04540000,5728411.40000000,1759489199999999,17434002.12013000,45336,2559084.70000000,7786583.09641000,0
1759489200000000,3.04540000,3.04790000,3.03020000,3.03790000,2669651.70000000,1759492799999999,8112468.21005000,38056,1042013.80000000,3167116.88917000,0
1759492800000000,3.03800000,3.04080000,3.02160000,3.02240000,2738838.60000000,1759496399999999,8301651.18909000,40825,930931.90000000,2821727.74772000,0
1759496400000000,3.02250000,3.03270000,3.01020000,3.02530000,5813983.90000000,1759499999999999,17569907.59172000,82544,2723652.00000000,8231756.02810000,0
1759500000000000,3.02540000,3.04790000,3.00790000,3.04300000,5378635.80000000,1759503599999999,16291197.08273000,80364,2480880.30000000,7515421.22070000,0
1759503600000000,3.04300000,3.07310000,3.02600000,3.06920000,8241694.50000000,1759507199999999,25139563.82589000,81647,4260432.30000000,12998369.14787000,0
1759507200000000,3.06930000,3.09480000,3.05950000,3.06240000,16285896.10000000,1759510799999999,50199833.03996000,123311,7628080.00000000,23521182.40872000,0
1759510800000000,3.06240000,3.06240000,3.01240000,3.02880000,17201643.20000000,1759514399999999,52289508.42104000,187339,7840725.00000000,23827292.88640000,0
1759514400000000,3.02890000,3.05170000,3.02030000,3.04580000,3528513.90000000,1759517999999999,10723294.18112000,67505,1673205.30000000,5084256.60637000,0
1759518000000000,3.04580000,3.05450000,3.03220000,3.03470000,3603644.90000000,1759521599999999,10967015.70320000,52974,1653153.80000000,5031615.99341000,0
1759521600000000,3.03470000,3.04020000,3.02110000,3.03780000,3682896.10000000,1759525199999999,11160979.95334000,48373,1881200.40000000,5701978.69369000,0
1759525200000000,3.03780000,3.05560000,3.03730000,3.04660000,2795446.80000000,1759528799999999,8521950.63410000,34132,1291980.00000000,3937618.50876000,0
1759528800000000,3.04650000,3.05490000,3.04540000,3.04770000,2058723.60000000,1759532399999999,6278112.47277000,26580,820887.40000000,2503502.46863000,0
1759532400000000,3.04770000,3.05100000,3.03680000,3.04010000,1898670.20000000,1759535999999999,5780366.18602000,27425,741660.20000000,2258045.47693000,0
1759536000000000,3.04020000,3.05220000,3.03840000,3.04340000,2666483.80000000,1759539599999999,8119621.05543000,37325,1191285.40000000,3627033.65001000,0
1759539600000000,3.04340000,3.04520000,3.02000000,3.02360000,3045228.30000000,1759543199999999,9228031.63866000,38371,1298764.60000000,3937155.40965000,0
1759543200000000,3.02360000,3.03320000,3.01650000,3.02050000,1889080.90000000,1759546799999999,5710282.49805000,35463,819669.10000000,2477944.48998000,0
1759546800000000,3.02050000,3.02380000,3.00820000,3.02330000,3737456.30000000,1759550399999999,11265286.27293000,35625,1687545.00000000,5087604.69474000,0
1759550400000000,3.02340000,3.02750000,3.01450000,3.01800000,1462077.00000000,1759553999999999,4415493.05921000,25104,621030.70000000,1875460.76771000,0
1759554000000000,3.01800000,3.02950000,3.01680000,3.02400000,1301173.80000000,1759557599999999,3933085.37886000,29454,746201.90000000,2255619.51950000,0
1759557600000000,3.02400000,3.03050000,3.02260000,3.02670000,1342763.90000000,1759561199999999,4063829.38223000,26934,672792.00000000,2036220.07696000,0
1759561200000000,3.02670000,3.03150000,3.01750000,3.01800000,1784658.40000000,1759564799999999,5396445.74906000,23976,897590.00000000,2714159.15961000,0
1759564800000000,3.01790000,3.02200000,2.99410000,3.00050000,6042889.80000000,1759568399999999,18151230.29248000,59772,2658029.90000000,7984276.67003000,0
1759568400000000,3.00060000,3.00750000,2.99520000,2.99630000,2365409.30000000,1759571999999999,7101641.89890000,27613,1156538.70000000,3472783.89951000,0
1759572000000000,2.99620000,3.00510000,2.98280000,2.98720000,3553318.30000000,1759575599999999,10631818.43943000,41297,1710473.50000000,5117670.06736000,0
1759575600000000,2.98730000,2.99360000,2.98290000,2.99040000,2421805.70000000,1759579199999999,7236593.63476000,31737,1027632.60000000,3071116.51263000,0
1759579200000000,2.99040000,2.99510000,2.98250000,2.98410000,2504090.30000000,1759582799999999,7485804.71191000,32311,1097997.40000000,3282999.75004000,0
1759582800000000,2.98410000,3.00650000,2.98350000,2.99280000,3004400.70000000,1759586399999999,9009943.49675000,33086,1605771.00000000,4816513.04658000,0
1759586400000000,2.99280000,2.99860000,2.96580000,2.96700000,5773052.40000000,1759589999999999,17210936.75329000,47781,2595251.40000000,7738126.82674000,0
1759590000000000,2.96690000,2.97310000,2.94090000,2.94970000,9020418.30000000,1759593599999999,26648423.45633000,92306,4482586.40000000,13242174.27170000,0
1759593600000000,2.94970000,2.95550000,2.93900000,2.94620000,3923085.60000000,1759597199999999,11564445.67068000,56848,1854733.40000000,5468722.25157000,0
1759597200000000,2.94610000,2.95680000,2.94220000,2.94820000,2736164.50000000,1759600799999999,8070766.37775000,31585,1203572.40000000,3550152.60973000,0
1759600800000000,2.94820000,2.94900000,2.94030000,2.94350000,1939217.00000000,1759604399999999,5709108.23496000,23147,759293.40000000,2235208.79683000,0
1759604400000000,2.94350000,2.95170000,2.94190000,2.95010000,1641235.90000000,1759607999999999,4835347.12452000,19638,893841.80000000,2633744.49496000,0
1759608000000000,2.95020000,2.95820000,2.94650000,2.94710000,2438478.70000000,1759611599999999,7196804.80702000,32155,1027268.90000000,3032247.66340000,0
1759611600000000,2.94710000,2.96550000,2.94570000,2.96130000,1872348.60000000,1759615199999999,5541460.52717000,19130,1082356.10000000,3203230.75675000,0
1759615200000000,2.96140000,2.97130000,2.95390000,2.96920000,1674742.20000000,1759618799999999,4964189.73534000,25350,895653.30000000,2655244.32617000,0
1759618800000000,2.96910000,2.97310000,2.96270000,2.96850000,1290401.10000000,1759622399999999,3830675.90739000,18008,785993.80000000,2333547.98600000,0
1759622400000000,2.96850000,2.97430000,2.95550000,2.95690000,1656209.60000000,1759625999999999,4910255.80280000,25629,792764.10000000,2350413.99736000,0
1759626000000000,2.95700000,2.96990000,2.95640000,2.96410000,1566700.90000000,1759629599999999,4644214.91379000,23243,1006773.90000000,2984390.95379000,0
1759629600000000,2.96400000,3.00680000,2.96050000,3.00510000,5046610.70000000,1759633199999999,15086473.21921000,68700,2854060.30000000,8530569.74136000,0
1759633200000000,3.00510000,3.02630000,3.00250000,3.00750000,5578556.40000000,1759636799999999,16819365.37193000,74810,2804327.70000000,8453959.57404000,0
1759636800000000,3.00750000,3.04410000,3.00490000,3.03400000,7462821.50000000,1759640399999999,22592502.74922000,82932,3074878.60000000,9302238.17499000,0
1759640400000000,3.03400000,3.04260000,3.02650000,3.03560000,3895309.80000000,1759643999999999,11815686.54195000,49265,1477378.10000000,4481286.31512000,0
1759644000000000,3.03550000,3.03970000,3.02680000,3.03390000,4294986.20000000,1759647599999999,13036186.83578000,44157,2281043.80000000,6923286.35881000,0
1759647600000000,3.03390000,3.06750000,3.03320000,3.06330000,6756251.50000000,1759651199999999,20611830.89866000,63248,3870581.00000000,11808457.04315000,0
1759651200000000,3.06330000,3.07160000,3.04640000,3.04720000,5766081.70000000,1759654799999999,17630733.06800000,65831,2829598.80000000,8652840.69387000,0
1759654800000000,3.04720000,3.05230000,3.01630000,3.02390000,9230155.50000000,1759658399999999,27994706.07218000,100056,3996801.10000000,12125000.26193000,0
1759658400000000,3.02390000,3.02500000,3.00110000,3.01550000,5343011.00000000,1759661999999999,16096471.71505000,60782,2176590.70000000,6557728.34945000,0
1759662000000000,3.01550000,3.02350000,3.00630000,3.02200000,2711523.10000000,1759665599999999,8178541.65541000,34983,1209525.80000000,3648313.90628000,0
1759665600000000,3.02200000,3.02210000,3.00540000,3.00660000,2364757.50000000,1759669199999999,7122783.95770000,34721,1039951.80000000,3132599.59656000,0
1759669200000000,3.00670000,3.01400000,2.99590000,3.00510000,3019171.30000000,1759672799999999,9076592.91889000,36779,1459179.70000000,4387612.37344000,0
1759672800000000,3.00510000,3.01050000,2.98560000,2.99530000,3932317.50000000,1759676399999999,11786082.19502000,47529,1508809.70000000,4525817.81160000,0
1759676400000000,2.99530000,3.01580000,2.99310000,3.01280000,2128561.90000000,1759679999999999,6393424.25150000,29891,1427775.80000000,4288391.91624000,0
1759680000000000,3.01270000,3.01500000,2.98190000,3.00190000,3637034.50000000,1759683599999999,10897039.46771000,40329,1824376.50000000,5464870.25976000,0
1759683600000000,3.00200000,3.00800000,2.98130000,2.98810000,2451664.70000000,1759687199999999,7346405.16059000,36215,1347533.80000000,4039678.51307000,0
1759687200000000,2.98810000,2.99100000,2.96890000,2.97470000,4526479.70000000,1759690799999999,13476540.85141000,43943,1824821.30000000,5434035.45140000,0
1759690800000000,2.97470000,2.97520000,2.94830000,2.95290000,7275662.60000000,1759694399999999,21517339.70699000,73677,3005119.00000000,8887204.82317000,0
1759694400000000,2.95280000,2.97460000,2.94680000,2.96960000,5832203.10000000,1759697999999999,17292324.35819000,45359,3955400.60000000,11730667.31640000,0
1759698000000000,2.96960000,2.98000000,2.96300000,2.97570000,4816567.80000000,1759701599999999,14319045.24099000,38683,3420450.10000000,10169025.96744000,0
1759701600000000,2.97580000,2.98510000,2.95770000,2.96700000,4336124.90000000,1759705199999999,12856356.22280000,60081,2388384.10000000,7079428.39219000,0
1759705200000000,2.96690000,2.97880000,2.96350000,2.96970000,2269948.00000000,1759708799999999,6744787.14575000,31165,1193733.80000000,3547151.67937000,0
1759708800000000,2.96970000,2.99240000,2.95530000,2.96310000,6328282.40000000,1759712399999999,18803530.33858000,74578,3364558.50000000,10002153.72420000,0
1759712400000000,2.96310000,2.98800000,2.95510000,2.97900000,2828466.10000000,1759715999999999,8418846.21457000,56568,1533861.10000000,4564697.85842000,0
1759716000000000,2.97900000,2.99180000,2.96160000,2.98120000,3217448.00000000,1759719599999999,9574478.08130000,46010,1837635.00000000,5469651.76511000,0
1759719600000000,2.98110000,2.98390000,2.97370000,2.97800000,1788035.70000000,1759723199999999,5326499.83899000,29213,1225687.40000000,3651497.86760000,0
1759723200000000,2.97800000,2.98210000,2.96570000,2.96770000,2076400.40000000,1759726799999999,6173606.03112000,27161,1190374.70000000,3539177.02667000,0
1759726800000000,2.96770000,2.97620000,2.96230000,2.97330000,2287784.10000000,1759730399999999,6790702.44840000,32823,1318277.70000000,3912868.45201000,0
1759730400000000,2.97330000,2.99990000,2.97330000,2.99020000,4052028.80000000,1759733999999999,12112860.25730000,42487,2391091.90000000,7146277.91550000,0
1759734000000000,2.99020000,2.99720000,2.96500000,2.97370000,3428706.10000000,1759737599999999,10219178.78898000,47847,1810503.30000000,5395920.41099000,0
1759737600000000,2.97360000,2.99140000,2.97360000,2.98730000,2364435.00000000,1759741199999999,7056307.37212000,31612,1284174.40000000,3832600.71355000,0
1759741200000000,2.98740000,2.99450000,2.98630000,2.99140000,3114414.60000000,1759744799999999,9313807.80943000,33255,1807246.40000000,5404316.72578000,0
1759744800000000,2.99140000,2.99640000,2.98500000,2.99330000,2735085.00000000,1759748399999999,8181476.92326000,30748,1480918.30000000,4430060.43415000,0
1759748400000000,2.99330000,3.00880000,2.98560000,2.99510000,3879698.50000000,1759751999999999,11632494.18393000,41210,2232342.90000000,6694287.47563000,0
1759752000000000,2.99510000,3.00920000,2.99510000,3.00100000,3758536.10000000,1759755599999999,11286185.95602000,35415,2051387.20000000,6160670.46171000,0
1759755600000000,3.00090000,3.00960000,2.98950000,3.00880000,5334887.10000000,1759759199999999,16000157.73988000,81599,2690686.50000000,8069634.76684000,0
1759759200000000,3.00890000,3.02210000,2.98440000,2.98780000,10029197.00000000,1759762799999999,30120079.89068000,95044,5952452.50000000,17873274.96078000,0
1759762800000000,2.98770000,3.03900000,2.98750000,3.03120000,16316815.50000000,1759766399999999,49287546.85462000,94824,8319225.10000000,25132204.87822000,0
1759766400000000,3.03110000,3.04050000,3.02120000,3.03250000,4438776.00000000,1759769999999999,13446007.54100000,57550,1919461.50000000,5813917.76075000,0
1759770000000000,3.03250000,3.04730000,3.02810000,3.03630000,6081709.60000000,1759773599999999,18476879.00416000,59075,2680523.10000000,8144323.60864000,0
1759773600000000,3.03640000,3.04790000,3.03270000,3.04470000,4692125.80000000,1759777199999999,14262943.21896000,48992,2330257.10000000,7084206.26400000,0
1759777200000000,3.04470000,3.05060000,3.02340000,3.02470000,6165589.00000000,1759780799999999,18727985.33062000,60127,3214893.90000000,9765079.88749000,0
1759780800000000,3.02470000,3.03360000,3.00740000,3.00880000,5706618.50000000,1759784399999999,17209225.34396000,42299,2862150.80000000,8629325.04561000,0
1759784400000000,3.00880000,3.01540000,2.99780000,3.00690000,5035090.50000000,1759787999999999,15130215.01150000,43238,2189781.10000000,6581409.58160000,0
1759788000000000,3.00690000,3.01210000,2.99260000,3.00090000,7323199.20000000,1759791599999999,21973829.26856000,72920,3075082.00000000,9225845.66516000,0
1759791600000000,3.00090000,3.00230000,2.98670000,2.98830000,4203174.00000000,1759795199999999,12579308.93279000,42873,1845296.50000000,5522455.99910000,0
1759795200000000,2.98830000,2.99450000,2.98090000,2.99410000,2987975.30000000,1759798799999999,8927790.70072000,42075,1588298.80000000,4746811.27676000,0
1759798800000000,2.99410000,3.00090000,2.97800000,2.98860000,3047006.60000000,1759802399999999,9104875.57881000,39804,1672614.60000000,4998900.14016000,0
1759802400000000,2.98870000,2.99450000,2.97850000,2.98550000,2901705.40000000,1759805999999999,8663855.18853000,29747,1662438.10000000,4963414.58288000,0
1759806000000000,2.98550000,2.98980000,2.97660000,2.98600000,2742674.10000000,1759809599999999,8179971.50379000,27406,1535106.20000000,4578214.86062000,0
1759809600000000,2.98600000,2.99580000,2.97500000,2.99250000,4274830.60000000,1759813199999999,12758362.78044000,31553,2503122.50000000,7471199.91814000,0
1759813200000000,2.99250000,3.00120000,2.98670000,2.99110000,3646931.60000000,1759816799999999,10917055.89841000,25749,1653820.60000000,4951336.73957000,0
1759816800000000,2.99110000,2.99110000,2.96560000,2.96760000,7780131.40000000,1759820399999999,23142506.60724000,43271,3969952.50000000,11808682.76682000,0
1759820400000000,2.96770000,2.97410000,2.96180000,2.97160000,3602334.20000000,1759823999999999,10690272.95545000,33045,1889843.40000000,5607923.80501000,0
1759824000000000,2.97160000,2.97250000,2.95460000,2.96470000,5976054.90000000,1759827599999999,17703041.56025000,51724,3169218.40000000,9388316.89988000,0
1759827600000000,2.96460000,2.97410000,2.96400000,2.97260000,3048166.20000000,1759831199999999,9054980.34305000,29982,1571389.60000000,4667749.20677000,0
1759831200000000,2.97260000,2.98040000,2.96810000,2.97650000,3324977.00000000,1759834799999999,9891795.77468000,27113,2108906.10000000,6274308.61457000,0
1759834800000000,2.97650000,2.97970000,2.96940000,2.97050000,4681746.90000000,1759838399999999,13927451.97594000,38248,3044053.50000000,9055724.64869000,0
1759838400000000,2.97050000,2.99170000,2.96730000,2.98620000,4671689.30000000,1759841999999999,13904235.76639000,46491,2616338.50000000,7788198.17532000,0
1759842000000000,2.98630000,2.99130000,2.93790000,2.95400000,14358218.10000000,1759845599999999,42537672.94558000,141783,6322052.00000000,18734188.04170000,0
1759845600000000,2.95400000,2.95660000,2.90290000,2.90980000,18186918.10000000,1759849199999999,53149084.08258000,176755,9067322.00000000,26494915.76802000,0
1759849200000000,2.90980000,2.91690000,2.85000000,2.88470000,20387180.00000000,1759852799999999,58881200.06603000,172795,9769271.50000000,28223116.89794000,0
1759852800000000,2.88470000,2.90400000,2.87260000,2.88900000,12000564.50000000,1759856399999999,34656847.74138000,93148,5433259.60000000,15683905.25172000,0
1759856400000000,2.88890000,2.89420000,2.87760000,2.87770000,5912802.10000000,1759859999999999,17065793.56715000,54805,2827318.90000000,8158582.19240000,0
1759860000000000,2.87770000,2.88180000,2.85960000,2.86000000,5059971.40000000,1759863599999999,14526766.99144000,54661,1934929.60000000,5553080.43400000,0
1759863600000000,2.86000000,2.87230000,2.84890000,2.85680000,7134307.20000000,1759867199999999,20411991.54274000,68877,3382542.50000000,9681380.16894000,0
1759867200000000,2.85690000,2.88160000,2.85460000,2.87190000,5439309.30000000,1759870799999999,15627459.67605000,61848,3078605.50000000,8845187.83754000,0
1759870800000000,2.87200000,2.88130000,2.86620000,2.87280000,3312710.50000000,1759874399999999,9519797.35649000,35265,1721166.30000000,4946093.93260000,0
1759874400000000,2.87280000,2.87680000,2.86250000,2.86700000,2977766.00000000,1759877999999999,8543179.34189000,40761,1344956.80000000,3858854.11955000,0
1759878000000000,2.86710000,2.86730000,2.84970000,2.85200000,4249005.90000000,1759881599999999,12134060.46616000,46454,1732524.00000000,4947660.12762000,0
1759881600000000,2.85210000,2.87670000,2.85150000,2.86960000,6177117.00000000,1759885199999999,17723328.12982000,72883,3787457.70000000,10866379.33863000,0
1759885200000000,2.86970000,2.87580000,2.86440000,2.87170000,2568452.10000000,1759888799999999,7372155.24086000,33980,1510780.10000000,4336059.63379000,0
1759888800000000,2.87170000,2.87920000,2.86650000,2.86930000,2750920.70000000,1759892399999999,7903179.83293000,35956,1040210.00000000,2988072.47994000,0
1759892400000000,2.86920000,2.86920000,2.83740000,2.84640000,5544133.30000000,1759895999999999,15804284.42828000,61364,2257967.50000000,6435738.07308000,0
1759896000000000,2.84650000,2.86410000,2.83030000,2.86230000,3828748.90000000,1759899599999999,10907043.92132000,47382,1990903.80000000,5675552.44533000,0
1759899600000000,2.86240000,2.86240000,2.84550000,2.85530000,3383016.30000000,1759903199999999,9653242.96192000,40603,1943549.40000000,5545547.59797000,0
1759903200000000,2.85530000,2.86360000,2.84260000,2.86150000,3563919.90000000,1759906799999999,10169309.60595000,41532,1451475.10000000,4140295.35808000,0
1759906800000000,2.86150000,2.86310000,2.84840000,2.85800000,4175573.00000000,1759910399999999,11915030.18928000,41919,1498525.90000000,4277283.50650000,0
1759910400000000,2.85790000,2.87830000,2.85610000,2.86830000,4465635.30000000,1759913999999999,12797530.74187000,49951,2806325.80000000,8040739.05332000,0
1759914000000000,2.86820000,2.87210000,2.86240000,2.86980000,3229388.60000000,1759917599999999,9257349.74017000,40871,1060267.70000000,3039408.00176000,0
1759917600000000,2.86970000,2.87860000,2.86590000,2.87730000,3475784.20000000,1759921199999999,9985370.10501000,42436,1209271.00000000,3473825.86130000,0
1759921200000000,2.87730000,2.88100000,2.87060000,2.87620000,3102356.10000000,1759924799999999,8922553.92336000,40619,1315291.80000000,3783016.12039000,0
1759924800000000,2.87610000,2.88230000,2.87050000,2.87470000,3326334.50000000,1759928399999999,9564482.68178000,44209,1241601.70000000,3570158.10760000,0
1759928400000000,2.87460000,2.87900000,2.85170000,2.87340000,4548059.40000000,1759931999999999,13044743.30180000,68688,1478180.60000000,4240507.73314000,0
1759932000000000,2.87330000,2.89370000,2.85720000,2.86220000,5119300.50000000,1759935599999999,14731804.98492000,82769,2523846.00000000,7267249.97620000,0
1759935600000000,2.86220000,2.87290000,2.86020000,2.86600000,2113635.00000000,1759939199999999,6056718.96761000,47872,959463.60000000,2749222.40833000,0
1759939200000000,2.86610000,2.88410000,2.86270000,2.88360000,3383800.70000000,1759942799999999,9724005.70246000,43025,1875824.70000000,5390737.46185000,0
1759942800000000,2.88360000,2.92480000,2.88180000,2.91930000,7360554.80000000,1759946399999999,21419343.83297000,89977,3734789.80000000,10865121.31579000,0
1759946400000000,2.91930000,2.92230000,2.90280000,2.90790000,3399635.20000000,1759949999999999,9898515.02392000,62367,1616035.80000000,4705151.96379000,0
1759950000000000,2.90780000,2.91310000,2.89760000,2.90930000,2953530.90000000,1759953599999999,8578089.97110000,40197,1316031.20000000,3822757.40077000,0
1759953600000000,2.90930000,2.91190000,2.89150000,2.89290000,1806921.00000000,1759957199999999,5244893.53744000,30966,786852.90000000,2284316.23792000,0
1759957200000000,2.89290000,2.90350000,2.89240000,2.89670000,1326555.40000000,1759960799999999,3845630.61468000,25624,704447.50000000,2042218.85403000,0
1759960800000000,2.89660000,2.90110000,2.89460000,2.89470000,1244862.50000000,1759964399999999,3607578.09963000,22497,588214.50000000,1704677.74104000,0
1759964400000000,2.89480000,2.89540000,2.87630000,2.87970000,3255671.70000000,1759967999999999,9391912.52747000,31493,1763197.80000000,5085001.68182000,0
1759968000000000,2.87970000,2.88010000,2.86440000,2.86670000,4628277.70000000,1759971599999999,13283098.86511000,60353,2271051.20000000,6517338.06258000,0
1759971600000000,2.86660000,2.86740000,2.85050000,2.85810000,4081206.20000000,1759975199999999,11664430.91855000,48146,2246986.70000000,6420155.80662000,0
1759975200000000,2.85810000,2.85950000,2.82440000,2.82970000,6198641.30000000,1759978799999999,17598220.92575000,56625,2982515.70000000,8467372.44604000,0
1759978800000000,2.82970000,2.84600000,2.82910000,2.84430000,3266624.50000000,1759982399999999,9274684.44366000,27831,2111951.20000000,5996443.35551000,0
1759982400000000,2.84440000,2.84870000,2.83670000,2.84600000,2104343.30000000,1759985999999999,5982086.26979000,25537,1395249.10000000,3966374.73628000,0
1759986000000000,2.84600000,2.84670000,2.82600000,2.83370000,4467478.90000000,1759989599999999,12657903.51899000,27876,2189197.10000000,6203468.20296000,0
1759989600000000,2.83370000,2.83400000,2.81870000,2.82380000,5124082.50000000,1759993199999999,14486954.40889000,30591,2844049.90000000,8042012.47293000,0
1759993200000000,2.82370000,2.83040000,2.81360000,2.81720000,3116377.20000000,1759996799999999,8794799.64885000,31324,1625641.30000000,4588527.54632000,0
1759996800000000,2.81720000,2.81980000,2.78600000,2.78780000,10731963.10000000,1760000399999999,30047428.45571000,85368,5016945.00000000,14047705.80157000,0
1760000400000000,2.78780000,2.81050000,2.78780000,2.80860000,5887938.30000000,1760003999999999,16502795.77709000,58215,3391825.30000000,9506578.19289000,0
1760004000000000,2.80860000,2.81950000,2.80160000,2.81090000,4898328.60000000,1760007599999999,13770726.12666000,57309,2352622.50000000,6615706.41224000,0
1760007600000000,2.81080000,2.82820000,2.81080000,2.82630000,3853621.30000000,1760011199999999,10874846.09872000,46791,1967653.80000000,5553069.69361000,0
1760011200000000,2.82620000,2.84070000,2.82270000,2.83060000,4509754.40000000,1760014799999999,12764498.74144000,61097,2108963.30000000,5969274.32463000,0
1760014800000000,2.83050000,2.83410000,2.81180000,2.81580000,4909636.00000000,1760018399999999,13864709.24729000,95093,1925723.50000000,5438480.69077000,0
1760018400000000,2.81580000,2.82240000,2.78970000,2.81270000,8276822.20000000,1760021999999999,23223888.06884000,122306,3113744.70000000,8737946.37102000,0
1760022000000000,2.81270000,2.82580000,2.79460000,2.80240000,4512779.60000000,1760025599999999,12681593.79695000,74094,1867279.40000000,5248273.88478000,0
1760025600000000,2.80240000,2.80960000,2.77140000,2.77820000,6578792.50000000,1760029199999999,18361960.13133000,88904,2589146.10000000,7228743.74453000,0
1760029200000000,2.77810000,2.80620000,2.77500000,2.80530000,5622097.40000000,1760032799999999,15698112.22284000,77016,2685191.40000000,7499058.01081000,0
1760032800000000,2.80530000,2.80920000,2.78330000,2.78470000,4171518.90000000,1760036399999999,11668602.61556000,61204,1369267.50000000,3830726.38931000,0
1760036400000000,2.78480000,2.80180000,2.77460000,2.78890000,3694118.70000000,1760039999999999,10299426.04039000,60594,2024184.60000000,5643212.41324000,0
1760040000000000,2.78900000,2.79720000,2.78360000,2.79510000,2997034.30000000,1760043599999999,8361835.35643000,52007,1551906.20000000,4328738.88331000,0
1760043600000000,2.79500000,2.80190000,2.78640000,2.79820000,2252234.10000000,1760047199999999,6295765.16954000,34485,1040155.00000000,2907940.77560000,0
1760047200000000,2.79830000,2.81690000,2.79730000,2.81470000,2662188.00000000,1760050799999999,7476949.73920000,31566,1527968.20000000,4292290.12386000,0
1760050800000000,2.81480000,2.81570000,2.80180000,2.80210000,1691053.90000000,1760054399999999,4744447.32649000,26129,580571.60000000,1628962.18323000,0
1760054400000000,2.80210000,2.81780000,2.80060000,2.81110000,2126768.60000000,1760057999999999,5976008.36450000,29843,1201325.80000000,3375132.65896000,0
1760058000000000,2.81110000,2.81770000,2.80580000,2.80970000,2049819.40000000,1760061599999999,5761075.23733000,25296,1182514.30000000,3323255.94370000,0
1760061600000000,2.80970000,2.81170000,2.79230000,2.79720000,3842118.20000000,1760065199999999,10765115.06404000,33445,2018586.90000000,5654997.25594000,0
1760065200000000,2.79730000,2.82970000,2.79050000,2.81290000,3694468.40000000,1760068799999999,10394049.35569000,55292,2415828.40000000,6795790.47700000,0
1760068800000000,2.81300000,2.82350000,2.80830000,2.81450000,3213392.60000000,1760072399999999,9043794.03320000,38452,1618882.50000000,4556698.01262000,0
1760072400000000,2.81450000,2.83050000,2.80430000,2.82650000,1959937.90000000,1760075999999999,5522990.84567000,37819,832015.60000000,2345346.62342000,0
1760076000000000,2.82650000,2.83080000,2.81070000,2.81590000,2178450.20000000,1760079599999999,6144165.55362000,36315,1053131.50000000,2969537.57361000,0
1760079600000000,2.81600000,2.81780000,2.79910000,2.80330000,3487250.10000000,1760083199999999,9791470.42775000,54980,1508512.40000000,4235484.06734000,0
1760083200000000,2.80320000,2.82200000,2.79860000,2.82010000,1544102.10000000,1760086799999999,4343938.11143000,33095,846592.90000000,2382073.58991000,0
1760086800000000,2.82000000,2.83080000,2.81230000,2.81350000,2482322.70000000,1760090399999999,7003053.07760000,33521,1258626.70000000,3549534.78266000,0
1760090400000000,2.81340000,2.82040000,2.80810000,2.81890000,2131687.50000000,1760093999999999,6001168.21161000,30564,1106535.20000000,3115348.71478000,0
1760094000000000,2.81890000,2.82240000,2.81610000,2.81860000,1527370.30000000,1760097599999999,4306434.03858000,23526,791356.60000000,2231183.70105000,0
1760097600000000,2.81870000,2.82150000,2.81020000,2.81860000,2117637.20000000,1760101199999999,5961717.84229000,27659,988120.30000000,2782107.21128000,0
1760101200000000,2.81870000,2.83720000,2.81760000,2.82620000,3699464.40000000,1760104799999999,10456099.86340000,57152,2250660.80000000,6361809.83866000,0
1760104800000000,2.82620000,2.83460000,2.79430000,2.80000000,6577895.10000000,1760108399999999,18495464.12781000,83580,3032436.30000000,8523868.95453000,0
1760108400000000,2.80000000,2.80200000,2.71310000,2.74170000,38269903.80000000,1760111999999999,105108669.88929000,346970,16002923.20000000,43963798.57822000,0
1760112000000000,2.74170000,2.76470000,2.72730000,2.72960000,13558701.20000000,1760115599999999,37166020.24436000,130596,7277909.90000000,19953884.45224000,0
1760115600000000,2.72950000,2.73350000,2.71110000,2.72340000,9955155.10000000,1760119199999999,27093393.13928000,104162,5208572.50000000,14175140.29783000,0
1760119200000000,2.72340000,2.73220000,2.70420000,2.70810000,6411603.40000000,1760122799999999,17417182.95027000,74449,3213597.30000000,8728492.17380000,0
1760122800000000,2.70800000,2.71290000,2.63560000,2.67680000,28606769.90000000,1760126399999999,76583645.76219000,253206,14466681.70000000,38712613.14176000,0
1760126400000000,2.67680000,2.69800000,2.41000000,2.49400000,44932425.70000000,1760129999999999,116536080.91328000,238153,21050183.60000000,54722613.55780000,0
1760130000000000,2.49600000,2.55100000,1.25430000,2.32510000,200655232.90000000,1760133599999999,432572895.07117000,1302749,85978745.30000000,186725663.53459000,0
1760133600000000,2.32510000,2.38000000,2.10020000,2.35250000,128191526.20000000,1760137199999999,294187481.74809000,863953,60257723.30000000,138380696.14408000,0
1760137200000000,2.35270000,2.44960000,2.31120000,2.37040000,79619221.80000000,1760140799999999,189384086.63980000,578767,38864995.20000000,92582961.47544000,0
1760140800000000,2.37040000,2.41800000,2.30000000,2.38640000,46924901.50000000,1760144399999999,111011278.21781000,454442,21782201.00000000,51513875.29416000,0
1760144400000000,2.38640000,2.38780000,2.30580000,2.33360000,26868294.50000000,1760147999999999,62926827.65306000,295517,13261921.20000000,31071100.28424000,0
1760148000000000,2.33360000,2.45900000,2.33040000,2.43590000,30631450.00000000,1760151599999999,73872572.07746000,332895,14898735.80000000,35952467.78717000,0
1760151600000000,2.43600000,2.44310000,2.36000000,2.39740000,26147066.90000000,1760155199999999,62355273.41717000,240564,15640179.60000000,37255027.14321000,0
1760155200000000,2.39740000,2.44800000,2.39490000,2.44370000,14922808.20000000,1760158799999999,36067099.77468000,169015,7615543.50000000,18413589.53982000,0
1760158800000000,2.44380000,2.44980000,2.39010000,2.40380000,17300443.00000000,1760162399999999,41834295.93034000,148031,8038221.10000000,19405404.07144000,0
1760162400000000,2.40380000,2.45160000,2.40000000,2.42330000,15221772.40000000,1760165999999999,36985825.90565000,135198,8433797.80000000,20477658.18182000,0
1760166000000000,2.42340000,2.44290000,2.39760000,2.41150000,19276048.00000000,1760169599999999,46599474.17149000,181788,9833342.20000000,23764258.89034000,0
1760169600000000,2.41150000,2.48930000,2.39930000,2.48490000,15974846.10000000,1760173199999999,39180192.82286000,173386,8330341.10000000,20416137.59282000,0
1760173200000000,2.48480000,2.50610000,2.46620000,2.46950000,14695882.30000000,1760176799999999,36550656.98576000,172707,7715869.50000000,19187828.63462000,0
1760176800000000,2.46950000,2.48510000,2.45360000,2.47780000,10710415.60000000,1760180399999999,26457633.20920000,141308,6039370.70000000,14917990.46483000,0
1760180400000000,2.47790000,2.48460000,2.44240000,2.47730000,9765026.70000000,1760183999999999,24078314.41084000,131552,4627311.70000000,11403817.10630000,0
1760184000000000,2.47720000,2.48560000,2.43080000,2.44610000,12092675.90000000,1760187599999999,29729526.16241000,142774,6575635.20000000,16139659.54448000,0
1760187600000000,2.44610000,2.46030000,2.41520000,2.45020000,14286472.00000000,1760191199999999,34850689.48393000,220527,5738517.60000000,13996642.91307000,0
1760191200000000,2.45020000,2.45930000,2.42260000,2.45850000,10195087.20000000,1760194799999999,24902735.64666000,120678,4185235.10000000,10226587.25065000,0
1760194800000000,2.45840000,2.48700000,2.45740000,2.47830000,7059739.30000000,1760198399999999,17471546.27633000,109447,2803340.80000000,6937065.81912000,0
1760198400000000,2.47830000,2.49280000,2.46290000,2.47610000,7335409.80000000,1760201999999999,18176180.69637000,111472,2721189.50000000,6741834.17196000,0
1760202000000000,2.47600000,2.49200000,2.47220000,2.47990000,4941092.20000000,1760205599999999,12267957.56317000,95618,2225153.20000000,5523746.08107000,0
1760205600000000,2.47980000,2.48070000,2.46310000,2.46950000,3266118.20000000,1760209199999999,8070463.17411000,65396,1552453.30000000,3835280.43262000,0
1760209200000000,2.46940000,2.46970000,2.38300000,2.40970000,14405839.00000000,1760212799999999,34777970.39309000,211829,7099945.00000000,17129932.60176000,0
1760212800000000,2.40960000,2.41180000,2.33580000,2.35380000,20214243.80000000,1760216399999999,47917756.39891000,267656,10951416.60000000,25964096.70763000,0
1760216400000000,2.35390000,2.38790000,2.32280000,2.38620000,19213867.50000000,1760219999999999,45279218.97770000,214199,9629911.60000000,22689718.14209000,0
1760220000000000,2.38610000,2.40700000,2.38000000,2.39630000,9472255.80000000,1760223599999999,22648818.83364000,110080,4134529.60000000,9886475.68416000,0
1760223600000000,2.39620000,2.40090000,2.37660000,2.38190000,6594832.10000000,1760227199999999,15758280.62423000,92326,3320332.10000000,7932637.98310000,0
1760227200000000,2.38190000,2.38710000,2.33790000,2.34180000,6518190.80000000,1760230799999999,15438311.15419000,112871,2878939.50000000,6819921.82420000,0
1760230800000000,2.34190000,2.35800000,2.32420000,2.32770000,11669111.20000000,1760234399999999,27270191.24147000,161909,6102635.30000000,14260422.59321000,0
1760234400000000,2.32780000,2.35180000,2.31210000,2.32630000,12110959.00000000,1760237999999999,28185804.82343000,163919,5323695.60000000,12385466.83225000,0
1760238000000000,2.32620000,2.36900000,2.32150000,2.34170000,10444990.90000000,1760241599999999,24538213.33477000,127052,5938975.50000000,13952537.68367000,0
1760241600000000,2.34170000,2.37750000,2.33990000,2.36270000,9267718.70000000,1760245199999999,21892830.76155000,100564,4926104.00000000,11639938.79993000,0
1760245200000000,2.36260000,2.37900000,2.34940000,2.37360000,4541877.30000000,1760248799999999,10751876.09956000,69547,2151353.20000000,5094200.21941000,0
1760248800000000,2.37350000,2.40060000,2.36920000,2.38990000,5491077.90000000,1760252399999999,13106524.62571000,57463,2599362.40000000,6205690.66054000,0
1760252400000000,2.38990000,2.39690000,2.37490000,2.38970000,4450729.80000000,1760255999999999,10618193.82439000,58471,2385738.40000000,5692168.00043000,0
1760256000000000,2.38970000,2.40190000,2.38220000,2.38300000,3756708.80000000,1760259599999999,8988181.61449000,55677,1592237.60000000,3809716.89779000,0
1760259600000000,2.38300000,2.40360000,2.36900000,2.40140000,6359898.20000000,1760263199999999,15186685.04314000,65925,3275608.90000000,7822948.65192000,0
1760263200000000,2.40150000,2.41100000,2.38470000,2.38820000,5251134.10000000,1760266799999999,12576482.40876000,69702,2102895.70000000,5035074.59106000,0
1760266800000000,2.38830000,2.40600000,2.38810000,2.39750000,7581174.90000000,1760270399999999,18163356.03331000,59198,4318327.60000000,10345448.72380000,0
1760270400000000,2.39740000,2.42130000,2.39700000,2.40670000,6573450.40000000,1760273999999999,15855463.74978000,69878,3467841.20000000,8365067.72957000,0
1760274000000000,2.40680000,2.41520000,2.37170000,2.37570000,9787001.90000000,1760277599999999,23421774.94164000,94613,5616888.30000000,13444458.29896000,0
1760277600000000,2.37580000,2.47970000,2.36150000,2.44110000,25750134.60000000,1760281199999999,62447467.04314000,297695,13835661.80000000,33556544.40503000,0
1760281200000000,2.44110000,2.51450000,2.43670000,2.48850000,29811433.60000000,1760284799999999,73988105.53164000,370632,15340721.20000000,38080065.29025000,0
1760284800000000,2.48840000,2.54210000,2.48790000,2.51840000,22544743.20000000,1760288399999999,56576321.65258000,251384,12193930.60000000,30606586.00112000,0
1760288400000000,2.51850000,2.54510000,2.50210000,2.52870000,14369408.40000000,1760291999999999,36289823.51590000,152879,7390775.70000000,18666390.07266000,0
1760292000000000,2.52870000,2.54160000,2.50360000,2.51300000,7465411.30000000,1760295599999999,18838464.65360000,99339,3360255.20000000,8482158.52538000,0
1760295600000000,2.51310000,2.55200000,2.51220000,2.54730000,6421627.50000000,1760299199999999,16289562.08212000,83601,3107203.70000000,7885120.59401000,0
1760299200000000,2.54720000,2.58410000,2.54500000,2.55850000,10302309.90000000,1760302799999999,26379516.76778000,134964,5817687.10000000,14897981.01235000,0
1760302800000000,2.55840000,2.56860000,2.51190000,2.54480000,8245240.90000000,1760306399999999,20976920.56478000,126889,3553009.80000000,9038121.22129000,0
1760306400000000,2.54480000,2.56000000,2.51590000,2.53240000,12869870.30000000,1760309999999999,32609850.92706000,181621,5259418.60000000,13329365.73812000,0
1760310000000000,2.53240000,2.53520000,2.50810000,2.52820000,6681319.50000000,1760313599999999,16848041.82453000,106751,3088404.30000000,7789092.57016000,0
1760313600000000,2.52830000,2.54860000,2.51430000,2.52860000,8817094.10000000,1760317199999999,22286225.84894000,157551,4288295.30000000,10839709.24398000,0
1760317200000000,2.52860000,2.54950000,2.51250000,2.54940000,7556086.50000000,1760320799999999,19113850.87590000,123529,3847887.00000000,9734570.10211000,0
1760320800000000,2.54940000,2.56120000,2.53200000,2.55860000,11493189.50000000,1760324399999999,29258085.41515000,104044,5615907.10000000,14301968.76109000,0
1760324400000000,2.55850000,2.57400000,2.54600000,2.55080000,8854431.50000000,1760327999999999,22675784.82047000,117997,4478557.50000000,11470933.20793000,0
1760328000000000,2.55080000,2.58070000,2.54640000,2.57690000,7133076.60000000,1760331599999999,18302498.11716000,93017,3182555.60000000,8166957.54856000,0
1760331600000000,2.57690000,2.57910000,2.54020000,2.54940000,5867374.00000000,1760335199999999,14988472.98365000,83372,2723896.80000000,6953077.25846000,0
1760335200000000,2.54950000,2.60930000,2.53370000,2.60520000,9326719.90000000,1760338799999999,24082580.29433000,103476,4633565.10000000,11966444.50876000,0
1760338800000000,2.60530000,2.63720000,2.59670000,2.62130000,10613874.50000000,1760342399999999,27806757.35796000,109090,5052912.30000000,13236602.94211000,0
1760342400000000,2.62140000,2.64260000,2.60680000,2.63380000,9974641.30000000,1760345999999999,26163714.93503000,94597,4213629.40000000,11057157.01716000,0
1760346000000000,2.63370000,2.63830000,2.61630000,2.62200000,7258411.20000000,1760349599999999,19058932.01964000,78726,2605961.30000000,6844176.86820000,0
1760349600000000,2.62190000,2.62350000,2.59120000,2.60070000,6779685.50000000,1760353199999999,17639730.85243000,73424,2926031.10000000,7611879.60975000,0
1760353200000000,2.60060000,2.60360000,2.53520000,2.56920000,15606296.40000000,1760356799999999,40123715.12672000,174256,7833240.40000000,20134700.56242000,0
1760356800000000,2.56910000,2.59100000,2.55550000,2.56930000,7867518.90000000,1760360399999999,20248810.84730000,108058,4329252.40000000,11141559.27263000,0
1760360400000000,2.56930000,2.61630000,2.55070000,2.60370000,24156929.00000000,1760363999999999,62443654.60414000,246568,11946356.40000000,30881748.24550000,0
1760364000000000,2.60360000,2.61290000,2.55320000,2.55740000,12002572.40000000,1760367599999999,30911030.03832000,171967,6040965.00000000,15563136.14565000,0
1760367600000000,2.55730000,2.59670000,2.55530000,2.58730000,6769179.70000000,1760371199999999,17460293.21767000,94395,3439252.20000000,8870318.88409000,0
1760371200000000,2.58730000,2.60080000,2.57050000,2.59310000,9250648.50000000,1760374799999999,23934375.25745000,108732,4312175.10000000,11158855.52631000,0
1760374800000000,2.59320000,2.62600000,2.58210000,2.62270000,10410263.20000000,1760378399999999,27091995.08179000,106008,5260550.30000000,13693752.59774000,0
1760378400000000,2.62280000,2.63000000,2.60020000,2.61110000,8090887.70000000,1760381999999999,21173873.41536000,97663,4283291.60000000,11206975.78854000,0
1760382000000000,2.61110000,2.63970000,2.60410000,2.62470000,6778827.50000000,1760385599999999,17795798.12960000,91027,3484357.20000000,9146183.65700000,0
1760385600000000,2.62470000,2.64470000,2.62000000,2.64400000,6031351.10000000,1760389199999999,15890331.90378000,66706,3104590.50000000,8181029.98283000,0
1760389200000000,2.64400000,2.64600000,2.61230000,2.61650000,5755526.90000000,1760392799999999,15130250.40115000,47264,2818121.60000000,7409956.27600000,0
1760392800000000,2.61650000,2.62330000,2.60570000,2.60880000,4937991.20000000,1760396399999999,12909029.05237000,46894,2533589.00000000,6623098.28290000,0
1760396400000000,2.60870000,2.61380000,2.59750000,2.60520000,4511496.60000000,1760399999999999,11756253.40713000,36749,2330698.60000000,6074959.43480000,0
1760400000000000,2.60520000,2.62080000,2.59570000,2.60730000,5925264.80000000,1760403599999999,15455296.52006000,51991,3336236.40000000,8703077.11461000,0
1760403600000000,2.60720000,2.61080000,2.58260000,2.58720000,7259897.40000000,1760407199999999,18868786.23515000,58436,4286247.10000000,11140729.95481000,0
1760407200000000,2.58710000,2.58800000,2.56300000,2.57350000,10677779.50000000,1760410799999999,27482155.82316000,55898,4646047.00000000,11958190.55508000,0
1760410800000000,2.57350000,2.57460000,2.55000000,2.56060000,7412919.50000000,1760414399999999,18986609.38260000,75584,3528547.20000000,9034568.11500000,0
1760414400000000,2.56050000,2.56550000,2.51750000,2.52620000,8973284.90000000,1760417999999999,22763431.21204000,94628,3540742.70000000,8986269.76168000,0
1760418000000000,2.52620000,2.54110000,2.49630000,2.50540000,10621818.20000000,1760421599999999,26718801.37511000,114841,5173330.40000000,13014312.03100000,0
1760421600000000,2.50540000,2.51890000,2.41780000,2.46580000,21742730.70000000,1760425199999999,53669569.32381000,221025,10427785.20000000,25739068.58967000,0
1760425200000000,2.46580000,2.48100000,2.44010000,2.45240000,17132846.10000000,1760428799999999,42101513.59634000,175405,8957685.20000000,22014192.01975000,0
1760428800000000,2.45240000,2.47490000,2.43760000,2.46360000,7728686.20000000,1760432399999999,18999613.37773000,98296,4443192.10000000,10927117.83277000,0
1760432400000000,2.46370000,2.47530000,2.45600000,2.46160000,4628208.10000000,1760435999999999,11414444.25386000,64177,2224265.40000000,5486221.99375000,0
1760436000000000,2.46150000,2.46170000,2.41200000,2.44030000,11366102.30000000,1760439599999999,27657894.00579000,122668,5352894.10000000,13023987.93895000,0
1760439600000000,2.44030000,2.46440000,2.43830000,2.45170000,6390610.30000000,1760443199999999,15679211.42554000,69663,3167433.70000000,7770590.38508000,0
1760443200000000,2.45180000,2.45260000,2.41470000,2.41920000,12394877.60000000,1760446799999999,30078324.05560000,99263,7091290.00000000,17199065.90415000,0
1760446800000000,2.41920000,2.44370000,2.38880000,2.43180000,18007485.70000000,1760450399999999,43498831.78791000,209975,9581526.30000000,23145508.23693000,0
1760450400000000,2.43170000,2.46360000,2.42730000,2.44660000,11718944.90000000,1760453999999999,28673019.77981000,145263,5627876.00000000,13764318.45034000,0
1760454000000000,2.44670000,2.49910000,2.43700000,2.49740000,12545320.00000000,1760457599999999,30983959.47012000,123344,5868911.50000000,14484638.76903000,0
1760457600000000,2.49750000,2.53620000,2.48250000,2.50320000,17081875.60000000,1760461199999999,42853609.60422000,166986,8152785.80000000,20445818.24765000,0
1760461200000000,2.50310000,2.52700000,2.47500000,2.50540000,10340393.00000000,1760464799999999,25924212.70247000,119276,5077118.50000000,12725878.40476000,0
1760464800000000,2.50540000,2.52650000,2.49430000,2.50250000,7615474.40000000,1760468399999999,19136384.22417000,84339,3652251.20000000,9177730.96417000,0
1760468400000000,2.50250000,2.51770000,2.46110000,2.48370000,13501071.20000000,1760471999999999,33543721.25165000,134175,7203686.60000000,17894655.75838000,0
1760472000000000,2.48370000,2.49650000,2.47510000,2.49050000,5052707.20000000,1760475599999999,12559911.52027000,62062,2937735.20000000,7301137.30198000,0
1760475600000000,2.49040000,2.49740000,2.47540000,2.49530000,3511747.00000000,1760479199999999,8731169.37350000,33439,1769492.90000000,4398108.26458000,0
1760479200000000,2.49530000,2.50870000,2.49000000,2.49800000,3163998.50000000,1760482799999999,7911408.53809000,34209,1825542.30000000,4564743.12098000,0
1760482800000000,2.49810000,2.51270000,2.49760000,2.50330000,1623416.50000000,1760486399999999,4070180.95376000,25437,936549.40000000,2348039.16489000,0
1760486400000000,2.50330000,2.50880000,2.48550000,2.50520000,2599033.60000000,1760489999999999,6489201.55804000,49130,1218956.80000000,3043654.57082000,0
1760490000000000,2.50520000,2.50650000,2.48480000,2.49970000,2558381.20000000,1760493599999999,6382944.50739000,43286,1109991.30000000,2769392.16003000,0
1760493600000000,2.49970000,2.52600000,2.49740000,2.51140000,4390820.10000000,1760497199999999,11045273.23794000,47304,2031074.90000000,5111889.79504000,0
1760497200000000,2.51140000,2.51340000,2.47950000,2.48810000,4001859.00000000,1760500799999999,9978564.47946000,49823,2223676.40000000,5544810.02461000,0
1760500800000000,2.48810000,2.49900000,2.48010000,2.49860000,3261371.40000000,1760504399999999,8117459.43154000,34624,2099717.00000000,5225920.58169000,0
1760504400000000,2.49860000,2.50940000,2.49000000,2.49990000,2283737.80000000,1760507999999999,5710303.60530000,45989,1033126.20000000,2583039.30372000,0
1760508000000000,2.49990000,2.50900000,2.47940000,2.50260000,3770973.90000000,1760511599999999,9409988.14762000,58139,1814613.50000000,4528731.16231000,0
1760511600000000,2.50250000,2.50830000,2.49400000,2.50700000,3174583.40000000,1760515199999999,7939362.88806000,43200,1849374.70000000,4624702.08912000,0
1760515200000000,2.50690000,2.54750000,2.50520000,2.51850000,11723237.60000000,1760518799999999,29641068.20216000,100657,7021405.60000000,17751615.63473000,0
1760518800000000,2.51860000,2.52310000,2.49500000,2.50100000,9337003.20000000,1760522399999999,23419142.64643000,72274,6241377.30000000,15655861.20752000,0
1760522400000000,2.50100000,2.50700000,2.49260000,2.49720000,3592665.30000000,1760525999999999,8979588.86393000,39285,1895062.30000000,4737128.38250000,0
1760526000000000,2.49710000,2.50550000,2.47750000,2.49280000,4734894.30000000,1760529599999999,11790091.66221000,50267,2424672.50000000,6036028.10834000,0
1760529600000000,2.49280000,2.50350000,2.48260000,2.50190000,5948826.10000000,1760533199999999,14842552.33547000,62433,3444944.60000000,8595344.33000000,0
1760533200000000,2.50180000,2.50210000,2.45520000,2.48400000,13570070.90000000,1760536799999999,33625134.70466000,124528,7360435.70000000,18229616.39814000,0
1760536800000000,2.48410000,2.51180000,2.45310000,2.46500000,8867885.20000000,1760540399999999,22053798.23432000,103931,5145100.40000000,12788593.42916000,0
1760540400000000,2.46500000,2.47600000,2.42370000,2.43330000,16358646.60000000,1760543999999999,39987053.67618000,162392,7807680.80000000,19089391.24166000,0
1760544000000000,2.43330000,2.44910000,2.43100000,2.43230000,7459931.90000000,1760547599999999,18200727.24837000,94581,3844227.00000000,9380397.56875000,0
1760547600000000,2.43240000,2.43450000,2.41240000,2.43400000,6968154.70000000,1760551199999999,16884181.64452000,83519,4009563.60000000,9713608.08565000,0
1760551200000000,2.43390000,2.44250000,2.42160000,2.44120000,3957526.00000000,1760554799999999,9628457.12706000,48280,1981357.30000000,4820777.36563000,0
1760554800000000,2.44110000,2.44140000,2.40220000,2.40530000,4421048.00000000,1760558399999999,10686253.90241000,62675,2424895.70000000,5860603.50223000,0
1760558400000000,2.40540000,2.42070000,2.37980000,2.39770000,10295653.40000000,1760561999999999,24728240.20395000,101815,5009611.30000000,12033366.15647000,0
1760562000000000,2.39760000,2.41650000,2.37540000,2.39770000,8479100.60000000,1760565599999999,20303643.33354000,75480,4624640.40000000,11072806.69349000,0
1760565600000000,2.39780000,2.41640000,2.39620000,2.40430000,3085647.50000000,1760569199999999,7431857.51629000,42676,1461087.00000000,3518951.30522000,0
1760569200000000,2.40420000,2.41730000,2.39880000,2.41090000,2752359.50000000,1760572799999999,6630209.94555000,44961,1437599.50000000,3463874.58822000,0
1760572800000000,2.41100000,2.41550000,2.39960000,2.40670000,5055879.00000000,1760576399999999,12175143.45563000,74215,2505230.20000000,6034018.14955000,0
1760576400000000,2.40670000,2.42670000,2.40570000,2.42420000,3151896.10000000,1760579999999999,7617573.13251000,49143,1933758.50000000,4673558.66569000,0
1760580000000000,2.42430000,2.43540000,2.41280000,2.42720000,5475345.40000000,1760583599999999,13272962.32213000,54248,2893541.10000000,7013897.97825000,0
1760583600000000,2.42730000,2.43200000,2.41650000,2.41820000,4337414.00000000,1760587199999999,10507137.35814000,43673,2047871.10000000,4960259.52002000,0
1760587200000000,2.41810000,2.43000000,2.40910000,2.41120000,3619647.80000000,1760590799999999,8764105.02753000,29220,1882402.90000000,4557670.68198000,0
1760590800000000,2.41110000,2.42290000,2.39730000,2.40620000,6763245.80000000,1760594399999999,16294570.76250000,53360,2977119.20000000,7170826.75815000,0
1760594400000000,2.40620000,2.43330000,2.40570000,2.42780000,4694532.60000000,1760597999999999,11350874.18464000,47436,2816293.10000000,6811182.87442000,0
1760598000000000,2.42790000,2.42970000,2.40630000,2.41040000,3663314.40000000,1760601599999999,8846792.18976000,37818,2068372.40000000,4993962.45525000,0
1760601600000000,2.41040000,2.41390000,2.38570000,2.39450000,5667596.20000000,1760605199999999,13585975.77427000,42589,3611517.00000000,8655584.55826000,0
1760605200000000,2.39450000,2.43030000,2.35330000,2.42300000,18363583.80000000,1760608799999999,43822073.78273000,149959,9409731.20000000,22466403.93359000,0
1760608800000000,2.42290000,2.45280000,2.42210000,2.44950000,6380125.70000000,1760612399999999,15570448.78336000,75708,3551652.50000000,8666408.12958000,0
1760612400000000,2.44940000,2.45730000,2.43220000,2.45240000,3781830.70000000,1760615999999999,9245085.76382000,46528,1983010.50000000,4848672.43262000,0
1760616000000000,2.45240000,2.46650000,2.44750000,2.45350000,4465764.00000000,1760619599999999,10970728.52892000,50413,2219837.90000000,5453395.47235000,0
1760619600000000,2.45350000,2.45780000,2.43060000,2.43820000,4481660.90000000,1760623199999999,10961792.99712000,84272,1887112.20000000,4615311.08603000,0
1760623200000000,2.43820000,2.44030000,2.38850000,2.40540000,20509100.10000000,1760626799999999,49416435.15776000,213213,10095279.00000000,24324038.71158000,0
1760626800000000,2.40540000,2.41820000,2.33750000,2.35540000,17675335.50000000,1760630399999999,42013802.10452000,213808,8251149.40000000,19619541.56549000,0
1760630400000000,2.35530000,2.39890000,2.34540000,2.39860000,14816783.60000000,1760633999999999,35028781.97180000,206728,7085816.70000000,16744804.73719000,0
1760634000000000,2.39860000,2.39870000,2.36230000,2.36700000,6996880.20000000,1760637599999999,16651858.60507000,116327,3258642.10000000,7754587.25655000,0
1760637600000000,2.36700000,2.36750000,2.33210000,2.35160000,9766336.90000000,1760641199999999,22908832.06398000,152785,4814897.10000000,11293204.29873000,0
1760641200000000,2.35150000,2.35760000,2.30780000,2.32710000,14097937.70000000,1760644799999999,32810084.34190000,202632,6180949.60000000,14385791.05279000,0
1760644800000000,2.32710000,2.33610000,2.28330000,2.29440000,15052062.60000000,1760648399999999,34656127.56248000,171786,7292824.30000000,16791031.40292000,0
1760648400000000,2.29440000,2.32270000,2.29380000,2.32200000,8336334.70000000,1760651999999999,19233040.96843000,88588,4082258.90000000,9417352.95948000,0
1760652000000000,2.32190000,2.32540000,2.30000000,2.30070000,4415933.20000000,1760655599999999,10208973.70541000,73212,2270441.40000000,5248148.42539000,0
1760655600000000,2.30080000,2.33150000,2.29740000,2.32800000,4879345.40000000,1760659199999999,11299523.06233000,72556,2861979.80000000,6628841.46780000,0
1760659200000000,2.32800000,2.34060000,2.31990000,2.33880000,3363130.10000000,1760662799999999,7840454.04915000,57726,1968874.00000000,4589959.35797000,0
1760662800000000,2.33890000,2.40000000,2.33710000,2.35630000,14627168.10000000,1760666399999999,34670272.66496000,143096,8009346.80000000,18987486.08727000,0
1760666400000000,2.35630000,2.36590000,2.33710000,2.35770000,6394771.10000000,1760669999999999,15032728.91592000,66502,2915543.70000000,6852709.95493000,0
1760670000000000,2.35770000,2.36780000,2.34890000,2.35840000,4771555.80000000,1760673599999999,11253103.67746000,47889,2540044.00000000,5990074.98371000,0
1760673600000000,2.35840000,2.36000000,2.34690000,2.34780000,4914854.70000000,1760677199999999,11571972.93491000,37696,2163960.00000000,5094412.82837000,0
1760677200000000,2.34790000,2.35500000,2.33130000,2.33240000,6098854.10000000,1760680799999999,14282914.38092000,45915,3425237.30000000,8020418.68857000,0
1760680800000000,2.33250000,2.34570000,2.27430000,2.29350000,15112773.80000000,1760684399999999,34786410.02500000,165076,7447595.10000000,17138176.56882000,0
1760684400000000,2.29340000,2.29870000,2.23190000,2.23910000,36654887.80000000,1760687999999999,82726588.82508000,326527,20034049.30000000,45210608.39335000,0
1760688000000000,2.23910000,2.25120000,2.20230000,2.21570000,29481914.60000000,1760691599999999,65579995.98279000,294500,13308257.50000000,29592799.81054000,0
1760691600000000,2.21560000,2.26020000,2.20970000,2.22600000,10465955.30000000,1760695199999999,23406006.90114000,159207,5578833.30000000,12481942.21032000,0
1760695200000000,2.22590000,2.23800000,2.19010000,2.22660000,11863694.50000000,1760698799999999,26231877.20365000,176017,6301795.30000000,13934064.50166000,0
1760698800000000,2.22660000,2.29670000,2.22530000,2.28310000,15556010.50000000,1760702399999999,35345869.07950000,207669,8562737.30000000,19451648.11592000,0
1760702400000000,2.28310000,2.30490000,2.27890000,2.27900000,7813749.80000000,1760705999999999,17910474.58612000,117154,4140291.70000000,9492073.61034000,0
1760706000000000,2.27900000,2.29970000,2.25400000,2.28480000,11055196.80000000,1760709599999999,25159767.74646000,186273,5284565.30000000,12030962.54561000,0
1760709600000000,2.28480000,2.29120000,2.24030000,2.26070000,11386002.40000000,1760713199999999,25778224.41128000,180486,4913198.10000000,11122228.93561000,0
1760713200000000,2.26060000,2.30210000,2.25850000,2.30080000,8026496.60000000,1760716799999999,18279911.78225000,150321,4409674.40000000,10042221.45753000,0
1760716800000000,2.30090000,2.32770000,2.28220000,2.29220000,10609130.60000000,1760720399999999,24462691.67013000,154111,5575930.40000000,12861856.67801000,0
1760720400000000,2.29220000,2.30000000,2.27750000,2.29280000,4240023.50000000,1760723999999999,9702988.05923000,75821,1894375.20000000,4335769.00618000,0
1760724000000000,2.29280000,2.31800000,2.29260000,2.30440000,3893883.50000000,1760727599999999,8971875.28746000,69152,1966355.50000000,4530643.53042000,0
1760727600000000,2.30450000,2.31500000,2.29140000,2.29700000,3042523.60000000,1760731199999999,7006396.42977000,58937,1446374.10000000,3331063.68621000,0
1760731200000000,2.29710000,2.32040000,2.29600000,2.31100000,3189721.20000000,1760734799999999,7368398.38014000,48080,1939684.90000000,4480459.36755000,0
1760734800000000,2.31110000,2.33720000,2.30970000,2.33480000,3509009.90000000,1760738399999999,8156453.95229000,43678,1733419.30000000,4029309.86015000,0
1760738400000000,2.33480000,2.34160000,2.31270000,2.31760000,4170858.80000000,1760741999999999,9706978.65783000,45716,1947865.80000000,4532469.12202000,0
1760742000000000,2.31760000,2.31760000,2.29140000,2.29360000,3395965.90000000,1760745599999999,7817336.98536000,40309,1712048.40000000,3940578.21787000,0
1760745600000000,2.29360000,2.31880000,2.28940000,2.30970000,2890360.20000000,1760749199999999,6662466.77140000,41162,1754556.40000000,4044536.18809000,0
1760749200000000,2.30980000,2.33640000,2.30780000,2.33430000,2598248.80000000,1760752799999999,6035360.49000000,35347,1516744.70000000,3523145.56917000,0
1760752800000000,2.33440000,2.34160000,2.31810000,2.32270000,4124663.60000000,1760756399999999,9613950.30553000,45467,1919794.90000000,4475164.22499000,0
1760756400000000,2.32270000,2.34360000,2.32270000,2.33890000,2113493.10000000,1760759999999999,4935167.09207000,30964,1098586.60000000,2565093.81015000,0
1760760000000000,2.33890000,2.33960000,2.31770000,2.31880000,2359595.70000000,1760763599999999,5494588.22679000,32102,895377.80000000,2084732.71111000,0
1760763600000000,2.31880000,2.33550000,2.31550000,2.33280000,1881830.80000000,1760767199999999,4377210.57914000,22374,904115.80000000,2102335.01627000,0
1760767200000000,2.33270000,2.35240000,2.33160000,2.35060000,2666552.10000000,1760770799999999,6250582.35652000,32454,1349798.90000000,3164542.83839000,0
1760770800000000,2.35060000,2.37580000,2.34960000,2.35390000,8149868.60000000,1760774399999999,19271543.95482000,72981,4123770.10000000,9747300.03134000,0
1760774400000000,2.35400000,2.35980000,2.34700000,2.34830000,2489701.10000000,1760777999999999,5859640.26839000,38477,1253883.20000000,2951490.27951000,0
1760778000000000,2.34830000,2.36480000,2.34700000,2.35760000,3795014.90000000,1760781599999999,8933913.06177000,38753,2221890.10000000,5229570.09898000,0
1760781600000000,2.35760000,2.36800000,2.34770000,2.36060000,2275826.50000000,1760785199999999,5366370.14467000,39693,1088030.50000000,2564839.73404000,0
1760785200000000,2.36060000,2.37950000,2.35680000,2.37890000,3313049.30000000,1760788799999999,7842396.26805000,37389,1696410.10000000,4017376.19172000,0
1760788800000000,2.37880000,2.39150000,2.37000000,2.37540000,3839500.10000000,1760792399999999,9140104.98843000,50520,1731366.10000000,4122733.57811000,0
1760792400000000,2.37550000,2.37590000,2.35610000,2.36300000,3231692.40000000,1760795999999999,7643526.00498000,48626,1401741.30000000,3315339.09736000,0
1760796000000000,2.36300000,2.37160000,2.35220000,2.36120000,4181962.40000000,1760799599999999,9876150.44527000,50185,2126904.00000000,5023581.63146000,0
1760799600000000,2.36120000,2.36610000,2.34030000,2.34880000,4036395.10000000,1760803199999999,9492863.20405000,56133,1967048.50000000,4628202.59517000,0
1760803200000000,2.34880000,2.35460000,2.33320000,2.34560000,3392242.30000000,1760806799999999,7941625.86374000,51820,1487076.10000000,3482298.66633000,0
1760806800000000,2.34550000,2.37010000,2.34230000,2.36830000,2347591.00000000,1760810399999999,5528967.13601000,35703,1373874.80000000,3236712.69065000,0
1760810400000000,2.36830000,2.37150000,2.35770000,2.36200000,1530471.10000000,1760813999999999,3617043.08961000,22999,593834.90000000,1403338.99856000,0
1760814000000000,2.36190000,2.37050000,2.35650000,2.36690000,1528594.10000000,1760817599999999,3615282.98965000,21818,640719.10000000,1515110.60671000,0
1760817600000000,2.36700000,2.37460000,2.35630000,2.35900000,2517804.50000000,1760821199999999,5953168.76997000,26198,691328.90000000,1636332.11828000,0
1760821200000000,2.35900000,2.36590000,2.35060000,2.36370000,1940553.10000000,1760824799999999,4574838.79112000,26477,1096497.60000000,2585564.77352000,0
1760824800000000,2.36370000,2.36690000,2.35760000,2.36150000,1325060.20000000,1760828399999999,3130851.92518000,20761,517663.30000000,1222832.18384000,0
1760828400000000,2.36140000,2.36300000,2.35690000,2.35960000,1501194.20000000,1760831999999999,3542249.38404000,22789,679729.10000000,1603674.69003000,0
1760832000000000,2.35960000,2.36220000,2.34010000,2.34550000,2271077.10000000,1760835599999999,5337820.55574000,33712,946076.00000000,2223840.43257000,0
1760835600000000,2.34540000,2.35070000,2.33600000,2.34940000,1548622.20000000,1760839199999999,3628347.02165000,22926,711719.70000000,1667591.53327000,0
1760839200000000,2.34950000,2.35110000,2.33930000,2.34300000,1202536.90000000,1760842799999999,2818723.89702000,20649,612124.00000000,1434652.67771000,0
1760842800000000,2.34300000,2.36880000,2.33720000,2.36870000,2374845.50000000,1760846399999999,5586839.65773000,35277,1273731.00000000,2998954.30873000,0
1760846400000000,2.36860000,2.36970000,2.35410000,2.35740000,1179882.10000000,1760849999999999,2783558.57492000,24528,531019.50000000,1252457.57123000,0
1760850000000000,2.35750000,2.36660000,2.34800000,2.35280000,1885325.20000000,1760853599999999,4444545.08204000,29439,854301.40000000,2013910.93846000,0
1760853600000000,2.35280000,2.35630000,2.34180000,2.34970000,1426750.40000000,1760857199999999,3350150.95806000,23760,847779.20000000,1990664.74142000,0
1760857200000000,2.34980000,2.35510000,2.34350000,2.34840000,1461766.20000000,1760860799999999,3433582.81229000,23255,675996.10000000,1587786.65378000,0
1760860800000000,2.34830000,2.37050000,2.32740000,2.33250000,6565825.20000000,1760864399999999,15417620.73253000,83586,3216953.40000000,7554008.62271000,0
1760864400000000,2.33250000,2.38280000,2.31770000,2.36270000,9825940.20000000,1760867999999999,23105131.23093000,117548,4860402.80000000,11432591.72683000,0
1760868000000000,2.36280000,2.39270000,2.35370000,2.38540000,7202724.20000000,1760871599999999,17121316.86128000,88151,3706691.60000000,8811783.36311000,0
1760871600000000,2.38540000,2.39840000,2.37150000,2.37510000,5690747.30000000,1760875199999999,13579821.86618000,64512,2950055.20000000,7040125.29303000,0
1760875200000000,2.37510000,2.37970000,2.36220000,2.37200000,2894181.20000000,1760878799999999,6859621.32434000,38270,1463863.70000000,3469557.03334000,0
1760878800000000,2.37210000,2.40490000,2.36580000,2.40290000,4389462.80000000,1760882399999999,10480339.52043000,50586,2466228.00000000,5889045.03564000,0
1760882400000000,2.40300000,2.41500000,2.39080000,2.41280000,6896075.10000000,1760885999999999,16593709.83223000,73863,3031545.50000000,7295634.17904000,0
1760886000000000,2.41280000,2.41420000,2.39200000,2.40080000,5676679.80000000,1760889599999999,13634401.76820000,47276,2178021.40000000,5234307.75299000,0
1760889600000000,2.40080000,2.40840000,2.38820000,2.39990000,3127964.70000000,1760893199999999,7497370.67980000,33592,1518212.00000000,3638977.60709000,0
1760893200000000,2.39990000,2.41950000,2.39280000,2.39660000,6209647.70000000,1760896799999999,14945819.20107000,57548,3036009.50000000,7307424.78877000,0
1760896800000000,2.39670000,2.41260000,2.39580000,2.40900000,2711788.00000000,1760900399999999,6514736.69265000,33541,1242747.60000000,2985770.41284000,0
1760900400000000,2.40900000,2.40900000,2.39310000,2.39910000,2376498.80000000,1760903999999999,5702755.92869000,27457,973503.10000000,2335630.37054000,0
1760904000000000,2.39920000,2.40790000,2.39580000,2.40590000,2191996.20000000,1760907599999999,5267244.61466000,28521,1169526.70000000,2810064.49215000,0
1760907600000000,2.40590000,2.40770000,2.38680000,2.39650000,2754469.30000000,1760911199999999,6599742.72021000,27434,1082985.60000000,2595674.20949000,0
1760911200000000,2.39650000,2.40960000,2.39630000,2.40230000,2337001.10000000,1760914799999999,5618431.40953000,36387,1002288.60000000,2409276.05190000,0
1760914800000000,2.40240000,2.40260000,2.38640000,2.39080000,1849196.80000000,1760918399999999,4425309.83566000,25814,658763.20000000,1576021.95982000,0
1760918400000000,2.39070000,2.39070000,2.35470000,2.38000000,4762618.90000000,1760921999999999,11296853.90742000,82718,2103302.30000000,4990162.95485000,0
1760922000000000,2.38000000,2.38470000,2.36740000,2.37220000,3377442.60000000,1760925599999999,8020134.26703000,45431,1860272.30000000,4417363.12787000,0
1760925600000000,2.37210000,2.39520000,2.36420000,2.38620000,4149222.80000000,1760929199999999,9877841.08830000,59106,2519529.80000000,5998073.45997000,0
1760929200000000,2.38620000,2.44120000,2.38140000,2.43380000,5515704.50000000,1760932799999999,13318079.06888000,86236,2977573.30000000,7192735.69640000,0
1760932800000000,2.43390000,2.44860000,2.43110000,2.44660000,6339735.00000000,1760936399999999,15466880.67779000,60687,3202857.60000000,7813391.43754000,0
1760936400000000,2.44660000,2.45650000,2.43580000,2.45650000,4823062.60000000,1760939999999999,11802414.68206000,45840,2695855.10000000,6598103.09639000,0
1760940000000000,2.45650000,2.47280000,2.45590000,2.46860000,5650483.60000000,1760943599999999,13922138.21202000,47799,3197995.60000000,7880044.18569000,0
1760943600000000,2.46850000,2.47730000,2.46060000,2.47040000,4402827.80000000,1760947199999999,10866004.78590000,36829,2166095.30000000,5346401.31858000,0
1760947200000000,2.47030000,2.47830000,2.45760000,2.47210000,5640370.90000000,1760950799999999,13910000.49015000,46360,3147875.40000000,7765016.16624000,0
1760950800000000,2.47200000,2.47440000,2.45660000,2.47340000,4285431.90000000,1760954399999999,10557195.82189000,37208,2234849.70000000,5505763.03770000,0
1760954400000000,2.47330000,2.48000000,2.45980000,2.46590000,5326438.90000000,1760957999999999,13160055.96558000,49801,2871684.00000000,7095798.13947000,0
1760958000000000,2.46590000,2.46590000,2.45170000,2.45750000,5752777.80000000,1760961599999999,14141575.75572000,43696,2567629.20000000,6312628.86865000,0
1760961600000000,2.45750000,2.45870000,2.44680000,2.45290000,4903084.10000000,1760965199999999,12019388.11362000,41681,2878332.60000000,7055849.95110000,0
1760965200000000,2.45290000,2.46460000,2.44810000,2.46040000,4401459.90000000,1760968799999999,10807894.27471000,49429,2393306.50000000,5877464.49012000,0
1760968800000000,2.46050000,2.47190000,2.44840000,2.47050000,3914358.20000000,1760972399999999,9624240.01975000,41557,2036695.40000000,5007137.55301000,0
1760972400000000,2.47050000,2.48520000,2.46240000,2.46280000,6279236.40000000,1760975999999999,15538308.62646000,64161,3524308.60000000,8721219.66720000,0
1760976000000000,2.46280000,2.46770000,2.42690000,2.44450000,11795818.90000000,1760979599999999,28850593.30015000,116555,5562620.60000000,13602784.75905000,0
1760979600000000,2.44460000,2.46020000,2.43560000,2.45930000,4177395.10000000,1760983199999999,10228318.93645000,62454,2030157.30000000,4971810.67476000,0
1760983200000000,2.45930000,2.47730000,2.45510000,2.47490000,2630153.90000000,1760986799999999,6486017.22809000,43278,1149752.20000000,2835756.02647000,0
1760986800000000,2.47490000,2.55290000,2.46980000,2.52360000,15506432.50000000,1760990399999999,39042225.15720000,166263,7830405.20000000,19705636.94402000,0
1760990400000000,2.52370000,2.53500000,2.50610000,2.53230000,9322309.00000000,1760993999999999,23471723.95791000,131657,4450425.50000000,11206899.65715000,0
1760994000000000,2.53230000,2.53270000,2.48670000,2.49200000,4512866.50000000,1760997599999999,11291420.09997000,47683,2211254.90000000,5527558.32979000,0
1760997600000000,2.49210000,2.50530000,2.48330000,2.49800000,2824118.40000000,1761001199999999,7042250.72756000,38172,1169217.80000000,2916466.08950000,0
1761001200000000,2.49810000,2.49830000,2.48560000,2.49480000,1727342.10000000,1761004799999999,4302152.15051000,28108,641220.30000000,1597206.49457000,0
1761004800000000,2.49480000,2.49520000,2.48150000,2.48600000,1853837.90000000,1761008399999999,4612752.62347000,41832,757141.00000000,1883938.08196000,0
1761008400000000,2.48600000,2.48660000,2.46320000,2.46810000,3911661.80000000,1761011999999999,9675684.77741000,44448,1811749.40000000,4481282.89787000,0
1761012000000000,2.46820000,2.46940000,2.44960000,2.45070000,4580731.30000000,1761015599999999,11267075.64044000,48778,2373639.80000000,5837819.59288000,0
1761015600000000,2.45070000,2.46250000,2.44860000,2.45280000,3197736.80000000,1761019199999999,7849589.97428000,35230,1834316.90000000,4502980.80522000,0
1761019200000000,2.45270000,2.45410000,2.41790000,2.42370000,9024655.90000000,1761022799999999,21942650.84219000,112980,4485933.80000000,10903276.00264000,0
1761022800000000,2.42380000,2.43830000,2.42130000,2.42390000,6585058.40000000,1761026399999999,15992250.93826000,56945,4321666.70000000,10497149.69061000,0
1761026400000000,2.42380000,2.43880000,2.41170000,2.43140000,6655674.60000000,1761029999999999,16144004.91590000,51119,4244616.60000000,10302939.28872000,0
1761030000000000,2.43140000,2.43530000,2.41770000,2.42670000,3626770.10000000,1761033599999999,8799217.03570000,31113,2132713.90000000,5173627.00129000,0
1761033600000000,2.42660000,2.42670000,2.40110000,2.41190000,4550790.40000000,1761037199999999,10972009.56131000,41974,2465167.70000000,5943305.37991000,0
1761037200000000,2.41190000,2.41200000,2.40170000,2.40890000,3628416.30000000,1761040799999999,8733016.01277000,25156,2026360.40000000,4876913.95752000,0
1761040800000000,2.40890000,2.42850000,2.40520000,2.41700000,5410068.60000000,1761044399999999,13067804.16284000,43320,3459435.50000000,8356459.28863000,0
1761044400000000,2.41700000,2.43280000,2.41220000,2.43220000,3566879.60000000,1761047999999999,8644022.16695000,35818,2040104.80000000,4944150.05329000,0
1761048000000000,2.43210000,2.44740000,2.42360000,2.42480000,4953799.60000000,1761051599999999,12065547.77142000,51139,2513544.70000000,6120854.27279000,0
1761051600000000,2.42490000,2.43240000,2.40770000,2.41270000,6718974.00000000,1761055199999999,16250009.42613000,91989,3258408.00000000,7880896.44499000,0
1761055200000000,2.41270000,2.48850000,2.41210000,2.48660000,10665337.90000000,1761058799999999,26134570.52288000,119985,6143626.40000000,15046059.85602000,0
1761058800000000,2.48670000,2.53230000,2.47490000,2.52230000,15600890.80000000,1761062399999999,39140077.53473000,175298,7564871.90000000,18977237.27056000,0
1761062400000000,2.52230000,2.52440000,2.48110000,2.48700000,10769240.40000000,1761065999999999,27045881.07622000,119081,4948252.90000000,12430523.81353000,0
1761066000000000,2.48710000,2.50740000,2.47340000,2.49290000,9321644.40000000,1761069599999999,23230181.34622000,133455,4874532.00000000,12151345.36308000,0
1761069600000000,2.49280000,2.49910000,2.47260000,2.48470000,4642913.50000000,1761073199999999,11533010.39408000,65875,2294945.90000000,5701740.40299000,0
1761073200000000,2.48460000,2.50140000,2.48220000,2.49310000,2656445.00000000,1761076799999999,6621317.77519000,42255,1195012.90000000,2978488.03709000,0
1761076800000000,2.49310000,2.49740000,2.46540000,2.47430000,4912598.60000000,1761080399999999,12169519.79741000,69864,1793048.50000000,4440286.99179000,0
1761080400000000,2.47430000,2.49240000,2.45000000,2.47740000,5233401.30000000,1761083999999999,12924282.56708000,72502,2521746.40000000,6230018.81361000,0
1761084000000000,2.47740000,2.47770000,2.43090000,2.44190000,6056439.50000000,1761087599999999,14831426.78815000,98163,2782057.30000000,6811289.19669000,0
1761087600000000,2.44190000,2.44800000,2.41560000,2.42220000,4037445.50000000,1761091199999999,9800700.24557000,71839,2100305.70000000,5098036.66266000,0
1761091200000000,2.42210000,2.43440000,2.40420000,2.41260000,4787991.80000000,1761094799999999,11574572.71900000,80802,2662112.70000000,6437462.63264000,0
1761094800000000,2.41260000,2.42950000,2.41220000,2.42470000,4048253.20000000,1761098399999999,9801152.47643000,49915,2457884.20000000,5950152.55664000,0
1761098400000000,2.42470000,2.43260000,2.42150000,2.42360000,2912693.90000000,1761101999999999,7066564.03464000,28501,1727951.00000000,4192300.13260000,0
1761102000000000,2.42360000,2.42370000,2.40880000,2.42010000,3881305.90000000,1761105599999999,9376644.15248000,32162,1953707.90000000,4720081.47275000,0
1761105600000000,2.42010000,2.43750000,2.41920000,2.43630000,3388797.90000000,1761109199999999,8234844.55100000,23713,2034348.40000000,4942880.09228000,0
1761109200000000,2.43630000,2.43630000,2.39130000,2.40590000,11019865.80000000,1761112799999999,26504600.29087000,78368,4964706.20000000,11944219.95476000,0
1761112800000000,2.40590000,2.40980000,2.40020000,2.40340000,4669499.40000000,1761116399999999,11230833.90304000,35434,2379885.10000000,5723035.49455000,0
1761116400000000,2.40340000,2.41250000,2.39150000,2.40980000,4656984.20000000,1761119999999999,11185702.45753000,46466,2160241.30000000,5187926.71563000,0
1761120000000000,2.40990000,2.40990000,2.39610000,2.39830000,3012473.90000000,1761123599999999,7229878.47554000,27808,1565937.80000000,3757848.08894000,0
1761123600000000,2.39840000,2.40070000,2.38000000,2.38460000,5960526.40000000,1761127199999999,14236640.44052000,45726,3137852.50000000,7494235.32128000,0
1761127200000000,2.38460000,2.39210000,2.37680000,2.38240000,5427568.00000000,1761130799999999,12930713.08923000,42409,2548599.20000000,6072196.16316000,0
1761130800000000,2.38240000,2.40780000,2.36390000,2.39620000,8889891.80000000,1761134399999999,21216913.71809000,108894,4573410.30000000,10922147.20551000,0
1761134400000000,2.39610000,2.41090000,2.39280000,2.40030000,3507020.50000000,1761137999999999,8424411.16196000,46551,1488855.70000000,3576007.99659000,0
1761138000000000,2.40040000,2.41380000,2.39290000,2.40880000,6951109.70000000,1761141599999999,16699957.02205000,87712,3494552.20000000,8395952.55478000,0
1761141600000000,2.40870000,2.41040000,2.36710000,2.41040000,10561962.40000000,1761145199999999,25215517.24375000,151284,5419498.10000000,12942603.55417000,0
1761145200000000,2.41050000,2.41680000,2.38000000,2.40040000,5189037.40000000,1761148799999999,12448126.70157000,107056,2418497.60000000,5801154.24520000,0
1761148800000000,2.40040000,2.40640000,2.37990000,2.39460000,5657451.80000000,1761152399999999,13541511.10443000,90513,2739577.30000000,6556880.56586000,0
1761152400000000,2.39460000,2.39990000,2.37620000,2.37890000,3231503.60000000,1761155999999999,7718279.30399000,60350,1468120.60000000,3506794.29493000,0
1761156000000000,2.37890000,2.38600000,2.36720000,2.37770000,3601710.80000000,1761159599999999,8556478.02768000,73362,1763108.30000000,4189051.55628000,0
1761159600000000,2.37760000,2.39620000,2.35500000,2.37640000,5895347.10000000,1761163199999999,14004041.41646000,82354,2935703.60000000,6973801.44637000,0
1761163200000000,2.37630000,2.38100000,2.35810000,2.36360000,4358889.10000000,1761166799999999,10328757.02450000,68779,1993434.60000000,4723728.68787000,0
1761166800000000,2.36350000,2.36350000,2.32550000,2.34120000,13234893.00000000,1761170399999999,31016050.60968000,135288,5924889.00000000,13883591.20288000,0
1761170400000000,2.34110000,2.35430000,2.33250000,2.33670000,3542406.80000000,1761173999999999,8295771.41457000,65781,1709878.40000000,4006481.43562000,0
1761174000000000,2.33660000,2.36850000,2.33600000,2.36470000,3306918.90000000,1761177599999999,7801253.35253000,46775,1769364.10000000,4173683.43100000,0
1761177600000000,2.36470000,2.37220000,2.36170000,2.36690000,2331696.90000000,1761181199999999,5520146.46733000,35253,1255411.20000000,2972198.27307000,0
1761181200000000,2.36680000,2.37680000,2.36380000,2.37040000,2325321.30000000,1761184799999999,5512251.81803000,34444,1251177.00000000,2965981.79156000,0
1761184800000000,2.37040000,2.37660000,2.36840000,2.37610000,2510251.10000000,1761188399999999,5957963.22085000,21736,1452889.50000000,3448024.46083000,0
1761188400000000,2.37600000,2.38690000,2.37510000,2.37930000,2756384.10000000,1761191999999999,6562178.80659000,19900,1574620.00000000,3749163.75696000,0
1761192000000000,2.37930000,2.39090000,2.37710000,2.38530000,2685633.00000000,1761195599999999,6402271.36286000,17416,1440025.20000000,3432125.17863000,0
1761195600000000,2.38530000,2.39550000,2.38530000,2.39450000,3116349.00000000,1761199199999999,7448569.76470000,16819,1590454.00000000,3801529.64790000,0
1761199200000000,2.39450000,2.41930000,2.39340000,2.41680000,7129001.70000000,1761202799999999,17174666.93813000,44674,3946607.70000000,9506384.55250000,0
1761202800000000,2.41690000,2.41780000,2.40200000,2.40750000,3967474.20000000,1761206399999999,9553458.50662000,27433,1993060.00000000,4797605.17886000,0
1761206400000000,2.40760000,2.41730000,2.40760000,2.41390000,3144472.40000000,1761209999999999,7589905.88775000,23831,1902379.20000000,4591529.64098000,0
1761210000000000,2.41400000,2.41520000,2.40680000,2.41130000,3313217.00000000,1761213599999999,7985692.84777000,20475,1840758.60000000,4436376.93649000,0
1761213600000000,2.41130000,2.41460000,2.40810000,2.41030000,3090464.80000000,1761217199999999,7454509.68427000,20733,1326828.80000000,3200139.19889000,0
1761217200000000,2.41020000,2.41020000,2.38990000,2.39090000,2797673.40000000,1761220799999999,6710546.59316000,30303,916933.10000000,2199662.83040000,0
1761220800000000,2.39100000,2.39100000,2.37470000,2.38890000,6411539.90000000,1761224399999999,15278264.69390000,67508,2325018.10000000,5540961.52242000,0
1761224400000000,2.38900000,2.41060000,2.38090000,2.39800000,4084649.90000000,1761227999999999,9798041.74410000,66860,1916635.90000000,4598356.55300000,0
1761228000000000,2.39810000,2.40570000,2.38150000,2.40250000,3928412.80000000,1761231599999999,9409729.47721000,57107,1598172.60000000,3829075.72728000,0
1761231600000000,2.40240000,2.41940000,2.39880000,2.40830000,4511367.50000000,1761235199999999,10873479.61127000,58418,1781240.50000000,4294303.55704000,0
1761235200000000,2.40830000,2.41660000,2.39250000,2.41090000,3345448.20000000,1761238799999999,8041166.54686000,41548,1512789.50000000,3635758.48912000,0
1761238800000000,2.41080000,2.42590000,2.39630000,2.42090000,6138537.90000000,1761242399999999,14799018.15985000,67000,2549046.30000000,6148227.78389000,0
1761242400000000,2.42090000,2.42240000,2.39860000,2.40260000,3750326.90000000,1761245999999999,9028904.57395000,37895,1250012.50000000,3009964.91128000,0
1761246000000000,2.40270000,2.41000000,2.39200000,2.40660000,2854819.50000000,1761249599999999,6856110.05981000,29162,872940.70000000,2096820.74191000,0
1761249600000000,2.40660000,2.40670000,2.37800000,2.38510000,3532105.40000000,1761253199999999,8455101.94215000,37141,1192316.10000000,2851385.99934000,0
1761253200000000,2.38510000,2.39160000,2.38080000,2.38620000,2464868.30000000,1761256799999999,5881128.66118000,32903,946792.60000000,2258872.28989000,0
1761256800000000,2.38610000,2.39840000,2.38200000,2.39620000,2549908.40000000,1761260399999999,6097896.30122000,31269,1046570.20000000,2503343.57705000,0
1761260400000000,2.39620000,2.39730000,2.38990000,2.39470000,1597277.50000000,1761263999999999,3823301.95847000,25122,584462.60000000,1398914.43784000,0
1761264000000000,2.39480000,2.40390000,2.38720000,2.39710000,2395782.10000000,1761267599999999,5735039.25267000,45650,1122168.60000000,2686273.08403000,0
1761267600000000,2.39710000,2.40150000,2.38630000,2.39690000,1991656.90000000,1761271199999999,4766873.98999000,27587,649645.30000000,1554757.03450000,0
1761271200000000,2.39700000,2.40660000,2.39080000,2.40400000,1995228.20000000,1761274799999999,4784591.25896000,24141,863746.40000000,2071120.84118000,0
1761274800000000,2.40410000,2.41000000,2.39990000,2.40670000,2468012.10000000,1761278399999999,5934590.89741000,26465,826141.70000000,1986699.53517000,0
1761278400000000,2.40670000,2.43410000,2.40380000,2.42960000,4264023.80000000,1761281999999999,10329418.85855000,52822,2554627.80000000,6188261.83764000,0
1761282000000000,2.42960000,2.44500000,2.42710000,2.44190000,5139616.10000000,1761285599999999,12528024.94378000,40230,2814877.00000000,6860291.84674000,0
1761285600000000,2.44200000,2.44950000,2.43330000,2.44540000,4475119.70000000,1761289199999999,10922300.59961000,28260,2274623.10000000,5552304.17425000,0
1761289200000000,2.44550000,2.44690000,2.42880000,2.44060000,3549335.10000000,1761292799999999,8653929.60952000,35473,1319058.80000000,3216820.05777000,0
1761292800000000,2.44060000,2.45500000,2.43460000,2.45030000,3343100.20000000,1761296399999999,8177484.20030000,36965,1613294.70000000,3948259.55381000,0
1761296400000000,2.45020000,2.46410000,2.44830000,2.45520000,3083763.10000000,1761299999999999,7576325.12016000,31261,1200284.60000000,2949075.37203000,0
1761300000000000,2.45520000,2.46040000,2.44570000,2.44850000,3017124.40000000,1761303599999999,7397121.50234000,26145,1261962.70000000,3093499.15550000,0
1761303600000000,2.44840000,2.45650000,2.43390000,2.45590000,3353344.20000000,1761307199999999,8199278.71824000,36418,1109809.00000000,2714172.01859000,0
1761307200000000,2.45600000,2.50030000,2.45590000,2.48050000,12151000.50000000,1761310799999999,30120432.99473000,101026,5398992.70000000,13385782.83459000,0
1761310800000000,2.48060000,2.51460000,2.47420000,2.51390000,11374519.20000000,1761314399999999,28401158.65038000,140628,5474120.40000000,13671217.15628000,0
1761314400000000,2.51390000,2.51390000,2.46920000,2.47480000,8865716.70000000,1761317999999999,22052432.49232000,118592,3634160.70000000,9035145.25893000,0
1761318000000000,2.47480000,2.50000000,2.46980000,2.47930000,7789189.20000000,1761321599999999,19344873.56900000,65676,3365257.40000000,8352055.77235000,0
1761321600000000,2.47930000,2.48850000,2.46000000,2.48000000,5040452.60000000,1761325199999999,12464721.45321000,49462,2234415.70000000,5525903.25011000,0
1761325200000000,2.47990000,2.49070000,2.47430000,2.47440000,4039324.60000000,1761328799999999,10035694.57449000,43442,1795466.70000000,4460793.64435000,0
1761328800000000,2.47450000,2.49300000,2.47150000,2.49130000,3211220.70000000,1761332399999999,7966265.54798000,36299,1824338.10000000,4526066.31841000,0
1761332400000000,2.49130000,2.51350000,2.49070000,2.50060000,7431827.70000000,1761335999999999,18609576.41425000,69647,3569835.30000000,8938774.11932000,0
1761336000000000,2.50060000,2.51520000,2.49900000,2.51410000,4692383.90000000,1761339599999999,11766235.96088000,47948,2152288.60000000,5397859.69768000,0
1761339600000000,2.51410000,2.51540000,2.49680000,2.50710000,3670107.50000000,1761343199999999,9194291.15059000,39063,1957759.10000000,4903761.49498000,0
1761343200000000,2.50720000,2.51600000,2.49760000,2.51090000,3338794.00000000,1761346799999999,8369129.32780000,26289,1875833.80000000,4703172.86753000,0
1761346800000000,2.51090000,2.51110000,2.50240000,2.51030000,1371282.50000000,1761350399999999,3436912.68215000,17590,747070.60000000,1872427.03550000,0
1761350400000000,2.51030000,2.53840000,2.50210000,2.52560000,5708681.40000000,1761353999999999,14383451.73562000,70427,2667658.30000000,6724249.49026000,0
1761354000000000,2.52550000,2.56090000,2.52070000,2.54640000,7425979.30000000,1761357599999999,18890933.87915000,91969,3984625.60000000,10133766.88413000,0
1761357600000000,2.54650000,2.55160000,2.53630000,2.54660000,2511653.50000000,1761361199999999,6389629.77051000,45240,1081302.90000000,2750677.47774000,0
1761361200000000,2.54650000,2.54760000,2.53220000,2.54010000,2532024.80000000,1761364799999999,6428281.51729000,39178,967051.70000000,2455002.02967000,0
1761364800000000,2.54000000,2.57120000,2.53960000,2.56050000,5316168.50000000,1761368399999999,13598687.14713000,63964,2926744.00000000,7487787.75193000,0
1761368400000000,2.56050000,2.56590000,2.54940000,2.55730000,2857234.70000000,1761371999999999,7308420.63146000,47353,1381081.60000000,3532827.57368000,0
1761372000000000,2.55740000,2.56240000,2.53690000,2.53790000,2807078.40000000,1761375599999999,7150384.49175000,38693,963420.30000000,2454106.90958000,0
1761375600000000,2.53790000,2.55150000,2.53770000,2.54300000,2465862.30000000,1761379199999999,6272106.47187000,32650,1410664.30000000,3588219.41703000,0
1761379200000000,2.54290000,2.55390000,2.54150000,2.54490000,1665379.20000000,1761382799999999,4241244.57808000,29887,935400.70000000,2382139.04281000,0
1761382800000000,2.54490000,2.54750000,2.53500000,2.54000000,1958552.40000000,1761386399999999,4979010.95080000,27773,751277.10000000,1909958.71844000,0
1761386400000000,2.54000000,2.56190000,2.52830000,2.55120000,5066823.10000000,1761389999999999,12872039.04626000,60244,2760143.40000000,7010904.61073000,0
1761390000000000,2.55110000,2.57070000,2.54920000,2.56430000,3839432.30000000,1761393599999999,9833311.18407000,51205,2153624.00000000,5515140.85653000,0
1761393600000000,2.56430000,2.58600000,2.56000000,2.57990000,4340550.10000000,1761397199999999,11174602.28110000,67344,2342536.70000000,6031768.00780000,0
1761397200000000,2.57990000,2.60040000,2.57130000,2.59770000,5339115.20000000,1761400799999999,13810290.23700000,65869,3110774.20000000,8049686.01353000,0
1761400800000000,2.59770000,2.62030000,2.59140000,2.61310000,7115749.50000000,1761404399999999,18546185.26617000,94155,3679950.80000000,9592285.81585000,0
1761404400000000,2.61310000,2.61350000,2.59470000,2.59780000,3916488.20000000,1761407999999999,10203067.02752000,50741,1626528.00000000,4238372.73270000,0
1761408000000000,2.59770000,2.60660000,2.58790000,2.58950000,3793774.50000000,1761411599999999,9846118.90709000,40603,1840219.20000000,4776042.30241000,0
1761411600000000,2.58950000,2.60000000,2.58860000,2.59840000,3247753.10000000,1761415199999999,8421994.60664000,27544,2222898.50000000,5764019.12849000,0
1761415200000000,2.59830000,2.64500000,2.59490000,2.64180000,5534951.60000000,1761418799999999,14525859.66026000,60017,3443406.60000000,9036420.99259000,0
1761418800000000,2.64170000,2.65420000,2.60410000,2.60460000,7701838.00000000,1761422399999999,20275510.09423000,82166,3299012.40000000,8691216.76758000,0
1761422400000000,2.60470000,2.61810000,2.59800000,2.60130000,3692452.20000000,1761425999999999,9638936.14558000,46316,1632718.90000000,4262710.99007000,0
1761426000000000,2.60120000,2.60810000,2.59260000,2.59730000,2243999.00000000,1761429599999999,5838388.02811000,35319,1211431.20000000,3152604.71507000,0
1761429600000000,2.59730000,2.60350000,2.58910000,2.60070000,2711428.70000000,1761433199999999,7033663.05565000,30282,1371022.10000000,3556747.63776000,0
1761433200000000,2.60070000,2.60140000,2.59120000,2.59590000,2036590.40000000,1761436799999999,5287582.64123000,26601,1098151.50000000,2851122.31466000,0
1761436800000000,2.59580000,2.62800000,2.59200000,2.61840000,3979428.40000000,1761440399999999,10397955.90638000,60385,2407291.80000000,6291395.75682000,0
1761440400000000,2.61840000,2.62860000,2.60680000,2.61790000,2959397.60000000,1761443999999999,7745828.62137000,49387,1397418.10000000,3658036.90061000,0
1761444000000000,2.61780000,2.61780000,2.59470000,2.59690000,2320699.60000000,1761447599999999,6049598.95861000,37481,915293.60000000,2386690.32556000,0
1761447600000000,2.59690000,2.61370000,2.59490000,2.60150000,1803716.70000000,1761451199999999,4695688.23074000,35776,778360.50000000,2026576.28447000,0
1761451200000000,2.60160000,2.61720000,2.59950000,2.61010000,1356863.50000000,1761454799999999,3540730.04188000,26156,731199.50000000,1907756.04775000,0
1761454800000000,2.61000000,2.61850000,2.60500000,2.61470000,1361079.60000000,1761458399999999,3556447.32518000,22404,713296.80000000,1863732.73174000,0
1761458400000000,2.61470000,2.62710000,2.61120000,2.62650000,1889177.10000000,1761461999999999,4947447.88732000,23247,861161.70000000,2255878.00378000,0
1761462000000000,2.62650000,2.62650000,2.61900000,2.62410000,2154341.10000000,1761465599999999,5650198.27928000,27674,945046.10000000,2478570.23516000,0
1761465600000000,2.62410000,2.63830000,2.61780000,2.63290000,3114943.00000000,1761469199999999,8188554.24620000,35505,1518916.30000000,3994082.84442000,0
1761469200000000,2.63290000,2.66240000,2.63290000,2.64630000,7377898.30000000,1761472799999999,19549514.69494000,90873,4003744.10000000,10609536.86582000,0
1761472800000000,2.64630000,2.64760000,2.62710000,2.63010000,2870360.30000000,1761476399999999,7563476.91231000,41859,1385524.60000000,3651261.16992000,0
1761476400000000,2.63010000,2.65300000,2.61890000,2.64690000,5588420.50000000,1761479999999999,14739047.18203000,76184,2930456.20000000,7730040.26665000,0
1761480000000000,2.64690000,2.65680000,2.63330000,2.63860000,5332336.50000000,1761483599999999,14096612.79514000,73252,2241627.70000000,5927299.22873000,0
1761483600000000,2.63860000,2.65200000,2.63860000,2.64220000,3828143.10000000,1761487199999999,10127666.07934000,63917,2021547.30000000,5348206.26913000,0
1761487200000000,2.64220000,2.64480000,2.62910000,2.63810000,3050859.20000000,1761490799999999,8047084.57062000,48175,1396885.30000000,3684907.65424000,0
1761490800000000,2.63810000,2.64720000,2.63390000,2.64100000,2062826.30000000,1761494399999999,5447031.11158000,36472,1048841.70000000,2769659.53446000,0
1761494400000000,2.64100000,2.64170000,2.62030000,2.62660000,3625659.30000000,1761497999999999,9530862.09159000,40008,1721265.20000000,4525086.07519000,0
1761498000000000,2.62650000,2.62970000,2.62140000,2.62230000,1849165.50000000,1761501599999999,4856163.15001000,20607,876050.20000000,2300839.19665000,0
1761501600000000,2.62220000,2.63330000,2.61970000,2.61980000,3102022.50000000,1761505199999999,8143451.20398000,24970,1345146.90000000,3531461.81013000,0
1761505200000000,2.61980000,2.62010000,2.60820000,2.61430000,4154984.50000000,1761508799999999,10856967.06736000,37869,2170517.00000000,5671280.45553000,0
1761508800000000,2.61440000,2.61610000,2.59750000,2.61100000,4137363.30000000,1761512399999999,10789767.92063000,33867,1799132.10000000,4692390.35318000,0
1761512400000000,2.61100000,2.62980000,2.61050000,2.61930000,3594811.90000000,1761515999999999,9417483.65165000,38837,2057288.60000000,5389644.06229000,0
1761516000000000,2.61930000,2.66200000,2.61930000,2.65230000,8769374.20000000,1761519599999999,23198065.38889000,125824,4863093.50000000,12866327.51904000,0
1761519600000000,2.65240000,2.66170000,2.64270000,2.64610000,3397244.70000000,1761523199999999,9012766.11877000,59735,1546952.60000000,4104314.05074000,0
1761523200000000,2.64600000,2.66580000,2.63690000,2.64820000,5040153.60000000,1761526799999999,13376941.19446000,73033,2258971.00000000,5995973.92153000,0
1761526800000000,2.64820000,2.66990000,2.64500000,2.65900000,4307730.80000000,1761530399999999,11464466.51326000,55793,1990938.10000000,5298238.29256000,0
1761530400000000,2.65900000,2.66950000,2.64230000,2.64560000,4543998.10000000,1761533999999999,12065810.87458000,52997,2448532.40000000,6504035.20984000,0
1761534000000000,2.64560000,2.64920000,2.62220000,2.63540000,5705085.60000000,1761537599999999,15030525.02558000,53164,2700525.80000000,7116623.34173000,0
1761537600000000,2.63530000,2.64980000,2.63390000,2.64710000,2714775.40000000,1761541199999999,7171731.88075000,34859,1252205.50000000,3307084.37850000,0
1761541200000000,2.64710000,2.67490000,2.64140000,2.64590000,5041925.70000000,1761544799999999,13399905.51874000,60746,2617208.40000000,6958189.30146000,0
1761544800000000,2.64600000,2.65720000,2.63210000,2.65130000,5044706.90000000,1761548399999999,13340582.96969000,52654,2372391.10000000,6275815.21399000,0
1761548400000000,2.65140000,2.65950000,2.62600000,2.63010000,4108658.70000000,1761551999999999,10848133.96352000,63828,1632273.70000000,4311387.91117000,0
1761552000000000,2.63010000,2.63580000,2.61280000,2.62440000,5570817.60000000,1761555599999999,14630234.20134000,71947,2224565.30000000,5841632.27415000,0
1761555600000000,2.62430000,2.62750000,2.60510000,2.61280000,4350170.20000000,1761559199999999,11370921.84796000,77221,1762804.50000000,4607859.90320000,0
1761559200000000,2.61280000,2.62880000,2.60770000,2.62410000,3151238.10000000,1761562799999999,8252788.38745000,46672,1455727.80000000,3813175.77324000,0
1761562800000000,2.62420000,2.63890000,2.61500000,2.62570000,3210886.00000000,1761566399999999,8438570.41782000,50505,1625539.40000000,4271811.37775000,0
1761566400000000,2.62570000,2.63230000,2.61710000,2.63100000,2776875.70000000,1761569999999999,7288326.01266000,44980,1075812.60000000,2823420.96041000,0
1761570000000000,2.63110000,2.64330000,2.60680000,2.62670000,5494346.30000000,1761573599999999,14429310.59124000,79223,2326079.90000000,6109900.03893000,0
1761573600000000,2.62660000,2.62840000,2.60130000,2.62720000,4181572.90000000,1761577199999999,10940714.89308000,84222,1997775.30000000,5228100.00724000,0
1761577200000000,2.62720000,2.66500000,2.62680000,2.66120000,8222001.00000000,1761580799999999,21818249.84464000,120046,4331022.50000000,11493167.66631000,0
1761580800000000,2.66120000,2.69050000,2.66120000,2.68530000,8534730.40000000,1761584399999999,22861508.88032000,104399,4823280.80000000,12921734.01849000,0
1761584400000000,2.68530000,2.69500000,2.67690000,2.69140000,5298050.00000000,1761587999999999,14228231.67352000,72422,2000387.30000000,5372833.89339000,0
1761588000000000,2.69130000,2.69750000,2.67960000,2.68910000,4963068.10000000,1761591599999999,13355376.98761000,59599,1924753.10000000,5179368.65097000,0
1761591600000000,2.68900000,2.69010000,2.65450000,2.66930000,5885796.80000000,1761595199999999,15732965.95935000,77767,2637512.00000000,7046285.91729000,0
1761595200000000,2.66920000,2.66920000,2.62680000,2.62680000,6026709.30000000,1761598799999999,15943541.33582000,79304,2683265.20000000,7097006.06844000,0
1761598800000000,2.62670000,2.64990000,2.62360000,2.63440000,3323683.80000000,1761602399999999,8759916.29366000,54114,1625736.80000000,4284170.01069000,0
1761602400000000,2.63440000,2.65060000,2.63090000,2.64000000,3396320.10000000,1761605999999999,8974142.02090000,51391,1795934.20000000,4745939.81045000,0
1761606000000000,2.63990000,2.64920000,2.63050000,2.63400000,3067030.90000000,1761609599999999,8093753.70666000,48903,1672451.70000000,4415419.23273000,0
1761609600000000,2.63400000,2.65200000,2.62960000,2.63890000,2806269.40000000,1761613199999999,7410561.63960000,57220,1410654.40000000,3725751.11014000,0
1761613200000000,2.63900000,2.64850000,2.63300000,2.64110000,2225388.00000000,1761616799999999,5878516.49795000,46769,1233586.00000000,3258632.12389000,0
1761616800000000,2.64110000,2.64650000,2.60840000,2.62750000,3932390.30000000,1761620399999999,10325035.43400000,57836,1654348.30000000,4346192.20389000,0
1761620400000000,2.62750000,2.64070000,2.62000000,2.63120000,3977533.50000000,1761623999999999,10468796.53944000,62095,2227426.20000000,5861900.13782000,0
1761624000000000,2.63120000,2.63660000,2.62190000,2.63230000,2576138.90000000,1761627599999999,6773658.87646000,42502,1217482.60000000,3202032.64565000,0
1761627600000000,2.63230000,2.64100000,2.61760000,2.62130000,2829861.90000000,1761631199999999,7437388.43083000,49695,1259539.10000000,3309980.74035000,0
1761631200000000,2.62130000,2.64950000,2.61230000,2.64820000,5794180.00000000,1761634799999999,15237122.20347000,60698,3642325.10000000,9573719.72610000,0
1761634800000000,2.64830000,2.66240000,2.63650000,2.63820000,3652297.20000000,1761638399999999,9674579.47944000,57239,1728589.80000000,4580118.41655000,0
1761638400000000,2.63830000,2.66240000,2.63540000,2.65600000,3836836.80000000,1761641999999999,10170123.00808000,46092,1885924.20000000,4998681.31123000,0
1761642000000000,2.65600000,2.66760000,2.64610000,2.66690000,2490267.70000000,1761645599999999,6618845.59818000,33002,984006.50000000,2615675.37083000,0
1761645600000000,2.66690000,2.66840000,2.65460000,2.65850000,2847779.00000000,1761649199999999,7578030.37181000,32259,1196989.90000000,3185306.24605000,0
1761649200000000,2.65850000,2.65850000,2.63830000,2.64140000,2903259.90000000,1761652799999999,7686362.87975000,35405,1335319.70000000,3534300.45467000,0
1761652800000000,2.64140000,2.66530000,2.64030000,2.66350000,3538224.40000000,1761656399999999,9387326.98023000,49238,1718405.60000000,4558409.31133000,0
1761656400000000,2.66360000,2.68870000,2.66100000,2.66520000,7694446.10000000,1761659999999999,20583395.45942000,87337,3494130.40000000,9347919.02983000,0
1761660000000000,2.66530000,2.66760000,2.60350000,2.63140000,12878134.60000000,1761663599999999,33935591.90566000,138169,6429706.80000000,16945402.27923000,0
1761663600000000,2.63140000,2.64740000,2.62420000,2.63600000,6431567.80000000,1761667199999999,16945151.09228000,75765,3021859.90000000,7961870.76125000,0
1761667200000000,2.63590000,2.65650000,2.63430000,2.64890000,4539116.70000000,1761670799999999,12001340.31002000,62823,2532627.60000000,6696031.19379000,0
1761670800000000,2.64900000,2.66860000,2.64650000,2.66020000,3973459.00000000,1761674399999999,10563155.32656000,47424,1942887.50000000,5164604.56894000,0
1761674400000000,2.66010000,2.67480000,2.65560000,2.67200000,4268473.40000000,1761677999999999,11383153.48970000,43506,1757766.00000000,4688367.33861000,0
1761678000000000,2.67200000,2.67980000,2.61260000,2.64240000,8721555.90000000,1761681599999999,23049037.87864000,98229,4159619.00000000,10990071.55605000,0
1761681600000000,2.64250000,2.64350000,2.58510000,2.59200000,15853231.90000000,1761685199999999,41318962.94199000,187930,7091581.70000000,18479214.30458000,0
1761685200000000,2.59210000,2.60760000,2.56750000,2.59820000,9328914.10000000,1761688799999999,24094735.24817000,88329,4215980.60000000,10889195.60066000,0
1761688800000000,2.59820000,2.61450000,2.58740000,2.61110000,4354117.80000000,1761692399999999,11328989.32391000,58475,2186915.10000000,5690627.33092000,0
1761692400000000,2.61110000,2.61550000,2.60210000,2.60340000,2258842.90000000,1761695999999999,5891772.76172000,36571,944630.40000000,2464073.85441000,0
1761696000000000,2.60340000,2.61970000,2.60010000,2.60910000,4069556.90000000,1761699599999999,10621664.90301000,54060,1904433.10000000,4969854.64525000,0
1761699600000000,2.60910000,2.62650000,2.60680000,2.61850000,3964850.00000000,1761703199999999,10370748.06215000,51376,1844517.50000000,4824996.60370000,0
1761703200000000,2.61850000,2.62780000,2.61180000,2.61490000,2109512.60000000,1761706799999999,5528134.18545000,31419,1105228.70000000,2896581.66345000,0
1761706800000000,2.61500000,2.61500000,2.59930000,2.60860000,2515226.40000000,1761710399999999,6553678.58464000,31587,1268324.30000000,3304384.77986000,0
1761710400000000,2.60860000,2.62190000,2.60680000,2.61890000,1328708.10000000,1761713999999999,3475418.58169000,24322,719467.20000000,1881633.83283000,0
1761714000000000,2.61890000,2.62900000,2.61200000,2.61900000,1975837.10000000,1761717599999999,5176191.66227000,31684,875750.10000000,2293903.13630000,0
1761717600000000,2.61890000,2.63450000,2.61510000,2.63040000,2054008.90000000,1761721199999999,5391600.68492000,28198,971834.30000000,2550922.10163000,0
1761721200000000,2.63050000,2.63590000,2.62340000,2.63450000,2325069.60000000,1761724799999999,6117972.91841000,31155,1071972.60000000,2821292.05061000,0
1761724800000000,2.63440000,2.63660000,2.62300000,2.62770000,2166448.50000000,1761728399999999,5697040.27543000,33749,803915.10000000,2114100.76897000,0
1761728400000000,2.62770000,2.65730000,2.62120000,2.64740000,5147062.70000000,1761731999999999,13594614.09496000,61265,2312738.30000000,6110194.70560000,0
1761732000000000,2.64740000,2.66050000,2.63750000,2.64150000,4094643.00000000,1761735599999999,10855527.36589000,49316,1841483.90000000,4882201.64441000,0
1761735600000000,2.64160000,2.65440000,2.63760000,2.64990000,2705948.20000000,1761739199999999,7164709.86569000,43057,1565284.60000000,4144697.67548000,0
1761739200000000,2.64990000,2.65950000,2.64730000,2.65660000,2324280.60000000,1761742799999999,6170973.40168000,38282,1232854.10000000,3273219.47073000,0
1761742800000000,2.65650000,2.66400000,2.63010000,2.63420000,4772304.60000000,1761746399999999,12623229.00488000,74321,1981680.80000000,5243558.12664000,0
1761746400000000,2.63420000,2.64310000,2.62160000,2.64080000,3966691.50000000,1761749999999999,10441473.08460000,64824,1763918.90000000,4642941.90029000,0
1761750000000000,2.64080000,2.65000000,2.61430000,2.62660000,5841045.20000000,1761753599999999,15377759.64360000,88243,2181000.00000000,5740419.49552000,0
1761753600000000,2.62670000,2.63460000,2.61410000,2.62710000,3610754.70000000,1761757199999999,9481093.81480000,61881,1465156.20000000,3847636.83180000,0
1761757200000000,2.62710000,2.65890000,2.62440000,2.65890000,4834691.40000000,1761760799999999,12773271.06922000,57760,2597728.80000000,6862417.07180000,0
1761760800000000,2.65880000,2.66040000,2.54710000,2.60850000,34313537.70000000,1761764399999999,89201967.42334000,318889,15779146.20000000,41034301.72176000,0
1761764400000000,2.60850000,2.63230000,2.57580000,2.58700000,9533628.60000000,1761767999999999,24795067.87431000,152528,3869612.00000000,10071556.72663000,0
1761768000000000,2.58710000,2.60120000,2.55680000,2.58980000,9863681.30000000,1761771599999999,25449436.46596000,113956,5365885.20000000,13842028.56892000,0
1761771600000000,2.58980000,2.61790000,2.58830000,2.60400000,3200184.40000000,1761775199999999,8329464.48542000,40796,1789026.00000000,4657891.09519000,0
1761775200000000,2.60400000,2.60850000,2.59180000,2.59390000,2334844.30000000,1761778799999999,6067887.23774000,38978,1178514.80000000,3062440.55513000,0
1761778800000000,2.59380000,2.59430000,2.53700000,2.55020000,8730574.10000000,1761782399999999,22360761.43604000,79495,3529516.00000000,9043796.06576000,0
1761782400000000,2.55020000,2.56490000,2.52850000,2.56270000,6565430.70000000,1761785999999999,16738481.87703000,96731,3340634.40000000,8517824.13991000,0
1761786000000000,2.56270000,2.58320000,2.55630000,2.57850000,4467754.30000000,1761789599999999,11469601.36393000,62138,2103892.10000000,5397365.17915000,0
1761789600000000,2.57840000,2.58940000,2.57060000,2.58480000,2037687.10000000,1761793199999999,5258833.09338000,40597,856885.70000000,2211893.50095000,0
1761793200000000,2.58490000,2.58530000,2.57300000,2.57930000,2086253.00000000,1761796799999999,5380924.71382000,37558,961578.00000000,2479923.24262000,0
1761796800000000,2.57940000,2.57940000,2.48710000,2.50870000,17061538.80000000,1761800399999999,42967138.18076000,253833,7850423.10000000,19776152.65985000,0
1761800400000000,2.50880000,2.56350000,2.50490000,2.55850000,6296971.00000000,1761803999999999,15974328.09839000,113291,3228105.70000000,8180237.67086000,0
1761804000000000,2.55840000,2.57500000,2.55610000,2.56720000,3243446.30000000,1761807599999999,8320409.21993000,51129,1437853.40000000,3688201.07960000,0
1761807600000000,2.56710000,2.59440000,2.56500000,2.58340000,3982480.00000000,1761811199999999,10286723.96972000,45300,1830536.70000000,4727529.51839000,0
1761811200000000,2.58350000,2.58970000,2.57750000,2.57890000,2667007.30000000,1761814799999999,6888724.60516000,34282,1150760.00000000,2972400.00644000,0
1761814800000000,2.57890000,2.58130000,2.55430000,2.55590000,2926343.40000000,1761818399999999,7511478.69838000,37057,1130485.10000000,2901240.83732000,0
1761818400000000,2.55580000,2.56630000,2.54750000,2.55050000,2666245.90000000,1761821999999999,6817616.18844000,41729,1090584.00000000,2789192.35119000,0
1761822000000000,2.55050000,2.55820000,2.54180000,2.54420000,2949921.30000000,1761825599999999,7520582.80538000,41425,1236518.20000000,3151927.14370000,0
1761825600000000,2.54420000,2.55130000,2.49020000,2.50090000,11337534.00000000,1761829199999999,28530718.47244000,138235,4845514.40000000,12182520.71305000,0
1761829200000000,2.50100000,2.50870000,2.45650000,2.46620000,17136360.50000000,1761832799999999,42502152.35919000,197637,8543601.70000000,21203863.06142000,0
1761832800000000,2.46620000,2.48600000,2.46230000,2.47320000,6023593.70000000,1761836399999999,14895268.36676000,110857,2869180.10000000,7095616.75545000,0
1761836400000000,2.47320000,2.48010000,2.44490000,2.45390000,5917988.60000000,1761839999999999,14553207.16236000,109432,2452636.00000000,6033062.89972000,0
1761840000000000,2.45390000,2.47100000,2.44570000,2.46290000,4873902.30000000,1761843599999999,11992550.59073000,74304,2356015.90000000,5796563.88976000,0
1761843600000000,2.46290000,2.46370000,2.42600000,2.45280000,6988313.60000000,1761847199999999,17069198.85082000,102311,3054410.90000000,7462104.31704000,0
1761847200000000,2.45280000,2.45350000,2.41660000,2.42320000,5736385.20000000,1761850799999999,13930977.51968000,70755,3202106.00000000,7771096.88191000,0
1761850800000000,2.42320000,2.42660000,2.37800000,2.38530000,10905506.20000000,1761854399999999,26211756.39568000,151251,5103791.30000000,12272014.49464000,0
1761854400000000,2.38530000,2.43150000,2.37690000,2.42650000,9626982.10000000,1761857999999999,23155774.30415000,140914,4727330.40000000,11369377.49870000,0
1761858000000000,2.42660000,2.43380000,2.40830000,2.42760000,5740919.20000000,1761861599999999,13899095.71734000,53408,3314358.40000000,8023912.03004000,0
1761861600000000,2.42770000,2.43760000,2.42360000,2.43710000,4970856.30000000,1761865199999999,12080996.90606000,48284,2382390.20000000,5790198.61510000,0
1761865200000000,2.43720000,2.44170000,2.42370000,2.43930000,5423732.10000000,1761868799999999,13201066.83207000,45126,2932863.30000000,7137608.03897000,0
1761868800000000,2.43930000,2.46280000,2.43110000,2.45880000,6900990.20000000,1761872399999999,16882415.36670000,60223,2962794.90000000,7254237.67538000,0
1761872400000000,2.45890000,2.48210000,2.45430000,2.48080000,6742704.80000000,1761875999999999,16670582.41168000,68570,2551750.10000000,6307212.53523000,0
1761876000000000,2.48080000,2.48100000,2.45270000,2.46090000,4390259.20000000,1761879599999999,10828063.51164000,48339,1475325.80000000,3638646.29704000,0
1761879600000000,2.46100000,2.47060000,2.45250000,2.47060000,2859903.00000000,1761883199999999,7043213.88268000,38033,1336575.30000000,3292142.85782000,0
1761883200000000,2.47060000,2.49290000,2.46820000,2.49170000,4932422.20000000,1761886799999999,12248253.61786000,53284,2548884.90000000,6329456.39648000,0
1761886800000000,2.49170000,2.49320000,2.48040000,2.48380000,2251081.30000000,1761890399999999,5597228.26037000,28893,1050556.60000000,2612545.44294000,0
1761890400000000,2.48390000,2.48740000,2.47800000,2.48120000,3608385.50000000,1761893999999999,8958032.07385000,38032,1669058.90000000,4143293.63960000,0
1761894000000000,2.48120000,2.49030000,2.46980000,2.47540000,3076121.30000000,1761897599999999,7628991.47701000,38168,1490446.60000000,3696787.96314000,0
1761897600000000,2.47550000,2.48990000,2.46650000,2.48950000,3138796.80000000,1761901199999999,7777991.92738000,40463,1584147.60000000,3925399.86457000,0
1761901200000000,2.48960000,2.49510000,2.48220000,2.48680000,2860164.70000000,1761904799999999,7113455.05762000,31120,1491434.20000000,3709899.81547000,0
1761904800000000,2.48680000,2.50690000,2.48530000,2.49860000,3266324.70000000,1761908399999999,8162670.16460000,31832,1679036.20000000,4197297.55392000,0
1761908400000000,2.49850000,2.51610000,2.48630000,2.51450000,4851251.30000000,1761911999999999,12124065.21797000,42571,2561714.80000000,6405752.18455000,0
1761912000000000,2.51440000,2.52980000,2.50240000,2.50500000,8029315.00000000,1761915599999999,20217646.27510000,65905,3665180.40000000,9226961.93220000,0
1761915600000000,2.50510000,2.52270000,2.49320000,2.50880000,5978312.30000000,1761919199999999,14979422.84657000,66217,3133836.40000000,7854792.72082000,0
1761919200000000,2.50880000,2.51280000,2.49260000,2.50840000,5799470.70000000,1761922799999999,14505834.95130000,69759,2460141.70000000,6155647.76349000,0
1761922800000000,2.50830000,2.55050000,2.50510000,2.52380000,14878200.60000000,1761926399999999,37708888.45666000,134007,6477662.90000000,16416510.04931000,0
1761926400000000,2.52370000,2.53750000,2.49290000,2.49580000,6399227.20000000,1761929999999999,16113324.46054000,76071,2715696.00000000,6838903.66164000,0
1761930000000000,2.49580000,2.51410000,2.48410000,2.50630000,6027071.70000000,1761933599999999,15058596.39967000,79677,2572457.50000000,6428162.97565000,0
1761933600000000,2.50640000,2.52620000,2.50420000,2.52220000,4210062.50000000,1761937199999999,10592218.76850000,61056,2210284.40000000,5560240.66117000,0
1761937200000000,2.52210000,2.55460000,2.50040000,2.54380000,6038802.60000000,1761940799999999,15274518.13662000,63556,3342640.80000000,8462511.35492000,0
1761940800000000,2.54370000,2.54370000,2.51000000,2.51190000,3516673.10000000,1761944399999999,8890533.22568000,43638,1791716.00000000,4529338.87668000,0
1761944400000000,2.51190000,2.52110000,2.50250000,2.51990000,2759549.30000000,1761947999999999,6933984.37871000,30177,1813628.50000000,4557560.59947000,0
1761948000000000,2.51990000,2.52180000,2.50410000,2.50760000,1704424.00000000,1761951599999999,4283102.71700000,24325,858563.90000000,2158041.77696000,0
1761951600000000,2.50750000,2.51390000,2.50320000,2.50970000,1389816.70000000,1761955199999999,3487593.61406000,22328,631248.40000000,1584031.14476000,0
